15314 4
15314 6
15314 48
15314 51
15314 56
15314 61
15314 75
15314 91
15314 96
15314 98
15314 107
15315 21
15315 28
15315 42
15315 49
15315 58
15316 22
15316 49
15316 51
15316 61
15316 71
15316 91
15316 92
15316 108
15322 0
15322 4
15322 5
15322 45
15322 52
15322 54
15322 57
15322 66
15322 82
15322 94
15324 16
15324 17
15324 30
15324 72
15324 75
15324 88
15324 97
15324 98
15324 99
15324 102
15325 42
15325 45
15325 53
15325 56
15325 58
15325 67
15325 78
15325 85
15325 92
15325 94
15325 98
15335 10
15335 26
15335 44
15335 48
15335 56
15335 64
15335 70
15335 86
15335 102
15335 109
15337 0
15337 1
15337 3
15337 6
15337 21
15337 41
15337 48
15337 51
15337 58
15337 65
15337 73
15337 77
15337 78
15337 80
15337 85
15337 88
15337 91
15337 105
15337 106
15337 107
15337 110
15338 10
15338 42
15338 62
15338 77
15338 93
15338 97
15338 102
15338 107
15356 53
15363 17
15376 92
15378 55
15378 66
15378 83
15378 96
15390 27
15402 80
15402 110
