list of bXings with low scaler counts

ones marked with "+" are abnormally high
ones marked with "*" are slightly low, but easily noticeable
--> the above designations "+" and "*" are somewhat arbitrary

vpd raw lin
-----------
15314 4
15314 6
15314 48
15314 51
15314 56
15314 61
15314 75
15314 91
15314 96
15314 98
15314 107
15314 21 +
15314 58 +
15314 67 +
15314 78 +
15314 79 +
15314 86 +
15315 21
15315 28
15315 42
15315 49
15315 58
15315 78 +
15316 22
15316 49
15316 51
15316 61
15316 71
15316 91
15316 92
15316 108
15316 78 +
15316 79 +
15322 0
15322 4
15322 5
15322 45
15322 52
15322 54
15322 57
15322 66
15322 82
15322 94
15322 14 +
15322 78 +
15322 79 +
15322 92 +
15322 97 +
15324 16
15324 17
15324 30
15324 72
15324 75
15324 88
15324 97
15324 98
15324 99
15324 102
15324 8 +
15324 78 +
15324 79 +
15325 42
15325 45
15325 53
15325 56
15325 58
15325 67
15325 78
15325 85
15325 92
15325 94
15325 98
15335 10
15335 26
15335 44
15335 48
15335 56
15335 64
15335 70
15335 86
15335 102
15335 109
15335 16 +
15335 24 +
15335 30 +
15335 78 +
15335 79 +
15335 106 +
15337 0
15337 1
15337 3
15337 6
15337 21
15337 41
15337 48
15337 51
15337 58
15337 65
15337 73
15337 77
15337 78
15337 80
15337 85
15337 88
15337 91
15337 105
15337 106
15337 107
15337 110
15337 8 +
15338 10
15338 42
15338 62
15338 77
15338 93
15338 97
15338 102
15338 107
15356 53
15356 78 +
15356 79 +
15363 17
15363 78 +
15363 79 +
15364 78 +
15364 79 +
15365 78 +
15365 79 +
15366 78 +
15366 79 +
15368 71-77 *
15368 78 +
15368 79 +
15370 78 +
15370 79 +
15372 78 +
15372 79 +
15376 92
15376 71-77 *
15376 78 +
15376 79 +
15378 55
15378 66
15378 83
15378 96
15378 78 +
15378 79 +
15380 71-77 *
15380 78 +
15380 79 +
15390 27
15390 78 + // not as dramatic in bbc
15390 79 + // not as dramatic in bbc
15392 71-77 *
15392 78 +
15392 79 +
15393 78 +
15393 79 +
15393 80 *
15399 78 +
15399 79 +
15402 80
15402 110
15403 71-77 *
15403 78 +
15403 79 +
