0 55710655 1352494 1762301 139112 0 0 14852 4953643 61336324 1159742 1155655 93099 0 0 0 188237 62498618 0 0 0 1434439 0 0 0 63933057
1 54174938 1866260 2393330 210827 0 0 35758 5251915 61216785 1209050 1210753 97898 0 0 0 198542 62442135 0 0 0 1490893 0 0 0 63933028
2 53834015 2064695 2555281 225627 0 0 40114 5213269 61245447 1198570 1196388 96674 0 0 0 195922 62457210 0 0 0 1475791 0 0 0 63933001
3 52441940 2420506 3154294 270605 0 0 60865 5584764 61085619 1263230 1271819 104104 0 0 0 208202 62374443 0 0 0 1558531 0 0 0 63932974
4 52321613 2503925 3244415 277592 0 0 64420 5520979 61127482 1246187 1252551 101641 0 0 0 205083 62394758 0 0 0 1538186 0 0 0 63932944
5 52578036 2510217 3239165 274333 0 0 64746 5266419 61264823 1184198 1193744 97107 0 0 0 193044 62475335 0 0 0 1457581 0 0 0 63932916
6 53247919 2462055 3198091 261510 0 0 65701 4697613 61566581 1055797 1056523 83922 0 0 0 170066 62638894 0 0 0 1293995 0 0 0 63932889
7 53099623 2445629 3147227 258171 0 0 64111 4918098 61446613 1113542 1104789 88237 0 0 0 179678 62562875 0 0 0 1369984 0 0 0 63932859
8 52584965 2488799 3193965 269480 0 0 64476 5331147 61222212 1210302 1205074 96901 0 0 0 198343 62451217 0 0 0 1481615 0 0 0 63932832
9 52704640 2504004 3204868 271087 0 0 64733 5183458 61303523 1167808 1176263 95493 0 0 0 189703 62505112 0 0 0 1427678 0 0 0 63932790
10 52716767 2536052 3250301 271667 0 0 66249 5091725 61356014 1147662 1150864 92726 0 0 0 185495 62528392 0 0 0 1404369 0 0 0 63932761
11 52226989 2592480 3376959 281122 0 0 69412 5385777 61204062 1209701 1221569 99463 0 0 0 197944 62448268 0 0 0 1484471 0 0 0 63932739
12 52253120 2606506 3447509 282903 0 0 72007 5270665 61270109 1190394 1183094 95309 0 0 0 193804 62473334 0 0 0 1459376 0 0 0 63932710
13 52459734 2585212 3474997 280897 0 0 73590 5058243 61378863 1139046 1137971 91211 0 0 0 185582 62541270 0 0 0 1391403 0 0 0 63932673
14 51926462 2635540 3560001 288784 0 0 75610 5446259 61176011 1232881 1224277 98958 0 0 0 200529 62426033 0 0 0 1506623 0 0 0 63932656
15 51416286 2717015 3662101 303441 0 0 77656 5756134 61014073 1298629 1300524 106035 0 0 0 213372 62340589 0 0 0 1592044 0 0 0 63932633
16 51359479 2773984 3712025 311876 0 0 79253 5695984 61051469 1281432 1284450 104228 0 0 0 211022 62370354 0 0 0 1562247 0 0 0 63932601
17 57966841 2199529 3287387 173557 0 0 76957 228310 63920146 11833 580 7 0 0 0 15 63932221 0 0 0 360 0 0 0 63932581
18 52889507 2255992 3126313 217330 0 0 56142 5387260 61168319 1233520 1230173 98831 0 0 0 201701 62418585 0 0 0 1513959 0 0 0 63932544
19 52660467 2505235 3525413 268877 0 0 75873 4896656 61470248 1104717 1091424 87849 0 0 0 178283 62568691 0 0 0 1363830 0 0 0 63932521
20 52590149 2395295 3058420 255245 0 0 53980 5579409 61058754 1283598 1275613 103699 0 0 0 210834 62366016 0 0 0 1566482 0 0 0 63932498
21 52247211 2684892 3637806 293273 0 0 78217 4991077 61424036 1118954 1118972 89940 0 0 0 180574 62552364 0 0 0 1380112 0 0 0 63932476
22 52115325 2643358 3560221 285662 0 0 74062 5253832 61277110 1181389 1185027 96581 0 0 0 192353 62483109 0 0 0 1449351 0 0 0 63932460
23 51803971 2714479 3693355 297398 0 0 78620 5344615 61238261 1195063 1206527 97270 0 0 0 195317 62463227 0 0 0 1469211 0 0 0 63932438
24 51468660 2724727 3678537 303656 0 0 77238 5679598 61053708 1283412 1278440 104611 0 0 0 212245 62363532 0 0 0 1568884 0 0 0 63932416
25 51837605 2730304 3724831 300968 0 0 80771 5257910 61284183 1184283 1175949 94781 0 0 0 193193 62477913 0 0 0 1454476 0 0 0 63932389
26 51067927 2772131 3748048 309786 0 0 80639 5953828 60908171 1352639 1339870 109346 0 0 0 222333 62276485 0 0 0 1655874 0 0 0 63932359
27 51232744 2834190 3841423 315697 0 0 84657 5623620 61099659 1260086 1262598 103279 0 0 0 206709 62383412 0 0 0 1548919 0 0 0 63932331
28 51617010 2796325 3749399 304899 0 0 81664 5382999 61222678 1209534 1205845 98482 0 0 0 195757 62453900 0 0 0 1478396 0 0 0 63932296
29 51876374 2780141 3781498 302066 0 0 82579 5109611 61369975 1140300 1145331 92328 0 0 0 184335 62535769 0 0 0 1396500 0 0 0 63932269
30 51305615 2772160 3749789 307792 0 0 80369 5716503 61043194 1287984 1285360 104634 0 0 0 211056 62364082 0 0 0 1568146 0 0 0 63932228
31 58084094 2110363 3295382 155923 0 0 78917 207511 63928054 294 3819 8 0 0 0 15 63932064 0 0 0 126 0 0 0 63932190
32 59814421 1443592 2465205 59980 0 0 48345 100589 63928101 276 3737 6 0 0 0 12 63932020 0 0 0 112 0 0 0 63932132
33 60220470 1239384 2286019 51049 0 0 44145 91000 63928031 244 3773 8 0 0 0 11 63931935 0 0 0 132 0 0 0 63932067
34 61595749 804696 1478051 14994 0 0 17753 20768 63927823 263 3904 9 0 0 0 12 63931900 0 0 0 111 0 0 0 63932011
35 61805266 716091 1365821 12313 0 0 15003 17433 63927771 277 3851 8 0 0 0 20 63931801 0 0 0 126 0 0 0 63931927
36 61978048 641668 1272334 10922 0 0 13376 15467 63927763 279 3755 9 0 0 0 9 63931683 0 0 0 132 0 0 0 63931815
37 62120631 581354 1194501 9658 0 0 12034 13501 63927865 229 3569 7 0 0 0 9 63931547 0 0 0 132 0 0 0 63931679
38 62290786 521530 1093486 6078 0 0 10365 9317 63931039 190 310 11 0 0 0 12 63931467 0 0 0 95 0 0 0 63931562
39 62412786 478085 1018800 4887 0 0 8984 7875 63930753 206 430 9 0 0 0 19 63931320 0 0 0 97 0 0 0 63931417
40 54926315 1389718 1801189 138390 0 0 14106 5661542 60962122 1328731 1313619 109028 0 0 0 217760 62272389 0 0 0 1658871 0 0 0 63931260
41 53276773 1999891 2526326 223698 0 0 37899 5866528 60897171 1353397 1346827 111399 0 0 0 222321 62239392 0 0 0 1691723 0 0 0 63931115
42 52927844 2201876 2711223 238256 0 0 43160 5808567 60938900 1343798 1319002 108920 0 0 0 220306 62257057 0 0 0 1673869 0 0 0 63930926
43 52146227 2519838 3323288 277475 0 0 67789 5596113 61096941 1271991 1251521 102412 0 0 0 207865 62343958 0 0 0 1586772 0 0 0 63930730
44 51790379 2576361 3362436 282465 0 0 69294 5849595 60956872 1337993 1308706 107609 0 0 0 219350 62273899 0 0 0 1656631 0 0 0 63930530
45 51474453 2651307 3412478 291460 0 0 70954 6029658 60865282 1368919 1357221 112832 0 0 0 226056 62225255 0 0 0 1705055 0 0 0 63930310
46 51103698 2724504 3447684 306548 0 0 71146 6276493 60736336 1419677 1420185 117203 0 0 0 236672 62184827 0 0 0 1745246 0 0 0 63930073
47 50650051 2822159 3564606 319467 0 0 74906 6498639 60626207 1472126 1465962 121568 0 0 0 243965 62103027 0 0 0 1826801 0 0 0 63929828
48 50654334 2865686 3655116 325559 0 0 77847 6351041 60710942 1438369 1424056 117312 0 0 0 238904 62154056 0 0 0 1775527 0 0 0 63929583
49 50560890 2886959 3726244 329379 0 0 81874 6344013 60714246 1435096 1423090 118055 0 0 0 238872 62155493 0 0 0 1773866 0 0 0 63929359
50 50772586 2888096 3775579 326900 0 0 85067 6080894 60858858 1377603 1355068 110772 0 0 0 226821 62239292 0 0 0 1689830 0 0 0 63929122
51 50996232 2871017 3781101 321245 0 0 84687 5874622 60968898 1318079 1316859 108078 0 0 0 216990 62306429 0 0 0 1622475 0 0 0 63928904
52 51083628 2869297 3805294 319642 0 0 83900 5766969 61026462 1292920 1292046 105569 0 0 0 211733 62338642 0 0 0 1590088 0 0 0 63928730
53 50653082 2898339 3861147 327460 0 0 84347 6104164 60841389 1373052 1374025 113334 0 0 0 226739 62240396 0 0 0 1688143 0 0 0 63928539
54 50813658 2901078 3922466 326805 0 0 87109 5877232 60966932 1324260 1311010 107428 0 0 0 218718 62297936 0 0 0 1630412 0 0 0 63928348
55 51463025 2839813 3900162 314777 0 0 88635 5321799 61259236 1194647 1184631 95739 0 0 0 193958 62462770 0 0 0 1465441 0 0 0 63928211
56 50980106 2847922 3923106 314919 0 0 88338 5773677 61017333 1304639 1287381 104894 0 0 0 213821 62325200 0 0 0 1602868 0 0 0 63928068
57 51241083 2842483 3935005 316554 0 0 88817 5503967 61161394 1228912 1237047 100059 0 0 0 200497 62424423 0 0 0 1503486 0 0 0 63927909
58 51377072 2829798 3857593 310405 0 0 84404 5468520 61177193 1223883 1227485 100001 0 0 0 199230 62429555 0 0 0 1498237 0 0 0 63927792
59 51132874 2873798 3927269 319219 0 0 86541 5588004 61117663 1249077 1253886 102469 0 0 0 204610 62385578 0 0 0 1542127 0 0 0 63927705
60 50923383 2872956 3925892 320899 0 0 87064 5797421 61000638 1307778 1298863 105873 0 0 0 214463 62326552 0 0 0 1601063 0 0 0 63927615
61 50410981 2924971 3991646 334344 0 0 88785 6176801 60803062 1396877 1382929 113241 0 0 0 231419 62214717 0 0 0 1712811 0 0 0 63927528
62 51093925 2904511 4000840 328729 0 0 91570 5507836 61163501 1235278 1227779 99680 0 0 0 201173 62421821 0 0 0 1505590 0 0 0 63927411
63 51058492 2885715 3962324 320580 0 0 88852 5611289 61103135 1254487 1261618 102476 0 0 0 205536 62391764 0 0 0 1535488 0 0 0 63927252
64 50856496 2923943 3999929 326702 0 0 90082 5729957 61044881 1284583 1282962 104945 0 0 0 209738 62352600 0 0 0 1574509 0 0 0 63927109
65 50574411 2932162 3980853 329810 0 0 87519 6022217 60884580 1352025 1355804 111530 0 0 0 223033 62262464 0 0 0 1664508 0 0 0 63926972
66 50939224 2927416 3995610 326972 0 0 90192 5647367 61086299 1271341 1258866 102071 0 0 0 208204 62365038 0 0 0 1561743 0 0 0 63926781
67 51121492 2881642 3968291 318546 0 0 89458 5547161 61138882 1247079 1235860 100854 0 0 0 203915 62396139 0 0 0 1530451 0 0 0 63926590
68 51089848 2875270 3964826 316809 0 0 90794 5588869 61115361 1261942 1241506 101399 0 0 0 206208 62377960 0 0 0 1548456 0 0 0 63926416
69 50691460 2901769 3955707 327329 0 0 87867 5962066 60915653 1337101 1341714 110241 0 0 0 221489 62283071 0 0 0 1643127 0 0 0 63926198
70 50967475 2913540 3967063 324047 0 0 88537 5665299 61076692 1270555 1267056 103876 0 0 0 207782 62363775 0 0 0 1562186 0 0 0 63925961
71 52596983 2816642 3854391 295950 0 0 86330 4275441 61808729 951435 941543 75022 0 0 0 149008 62743418 0 0 0 1182319 0 0 0 63925737
72 53016278 2675259 3704960 272698 0 0 82240 4174057 61850953 936513 916990 73205 0 0 0 147831 62768451 0 0 0 1157041 0 0 0 63925492
73 53243407 2587853 3601637 264307 0 0 78630 4149414 61854202 936846 915305 72488 0 0 0 146407 62770482 0 0 0 1154766 0 0 0 63925248
74 53329124 2516303 3424978 256615 0 0 71383 4326608 61749762 984681 958943 76938 0 0 0 154687 62709472 0 0 0 1215539 0 0 0 63925011
75 53574753 2504497 3394100 254654 0 0 70347 4126440 61858328 932318 915258 73413 0 0 0 145474 62764811 0 0 0 1159980 0 0 0 63924791
76 53643709 2481743 3353365 251242 0 0 67885 4126647 61854781 933342 917197 73422 0 0 0 145849 62771292 0 0 0 1153299 0 0 0 63924591
77 53585369 2479597 3364050 253033 0 0 67923 4174423 61831902 939956 930362 74475 0 0 0 147700 62757387 0 0 0 1167008 0 0 0 63924395
78 49916624 2702374 3601686 317110 0 0 70528 7315884 60162386 1673593 1662925 139886 0 0 0 285416 61895841 0 0 0 2028365 0 0 0 63924206
79 49012006 2999408 3984578 374311 0 0 86385 7467373 60107114 1699570 1686545 141107 0 0 0 289725 61863274 0 0 0 2060787 0 0 0 63924061
80 51690978 2937187 3933041 327613 0 0 89622 4945463 61456269 1113543 1087771 87953 0 0 0 178368 62553227 0 0 0 1370677 0 0 0 63923904
81 51486220 2894360 4000027 317085 0 0 91795 5134272 61360775 1146035 1140392 91935 0 0 0 184622 62516819 0 0 0 1406940 0 0 0 63923759
82 51955687 2838645 3939328 302364 0 0 90755 4796863 61540343 1068958 1058340 85349 0 0 0 170652 62602545 0 0 0 1321097 0 0 0 63923642
83 52626309 2666220 3607295 277210 0 0 76474 4669998 61581694 1047627 1043753 83516 0 0 0 166916 62630170 0 0 0 1293336 0 0 0 63923506
84 52346452 2669870 3599965 282223 0 0 76170 4948714 61429343 1123505 1102756 88758 0 0 0 179032 62542847 0 0 0 1380547 0 0 0 63923394
85 52528728 2640784 3565222 280900 0 0 75749 4831927 61492605 1090553 1078310 86246 0 0 0 175596 62583622 0 0 0 1339688 0 0 0 63923310
86 51835639 2663721 3584381 288055 0 0 74854 5476604 61146244 1242144 1231055 99950 0 0 0 203861 62401303 0 0 0 1521951 0 0 0 63923254
87 52091161 2714396 3657130 289096 0 0 79230 5092176 61363594 1148609 1134612 92073 0 0 0 184301 62501873 0 0 0 1421316 0 0 0 63923189
88 51762252 2721696 3647445 292100 0 0 76889 5422749 61183338 1224161 1215758 99914 0 0 0 199960 62415318 0 0 0 1507813 0 0 0 63923131
89 51727029 2768378 3766062 301715 0 0 81204 5278705 61269124 1181388 1185199 96129 0 0 0 191253 62464933 0 0 0 1458160 0 0 0 63923093
90 51724767 2751126 3733504 298483 0 0 79944 5335229 61235120 1205486 1190532 96115 0 0 0 195800 62436156 0 0 0 1486897 0 0 0 63923053
91 51406172 2775366 3802177 307950 0 0 82985 5548374 61120348 1254042 1242862 100825 0 0 0 204947 62380702 0 0 0 1542322 0 0 0 63923024
92 51190948 2800907 3826651 312913 0 0 83941 5707630 61035896 1292833 1278847 104194 0 0 0 211220 62343096 0 0 0 1579894 0 0 0 63922990
93 51282723 2827708 3853046 316093 0 0 84994 5558398 61120660 1247907 1248062 102042 0 0 0 204291 62393521 0 0 0 1529441 0 0 0 63922962
94 51310848 2844367 3853213 312922 0 0 84227 5517355 61146454 1237895 1234654 101377 0 0 0 202552 62399907 0 0 0 1523025 0 0 0 63922932
95 51196993 2853757 3873393 316177 0 0 84579 5598005 61104133 1253284 1258336 102370 0 0 0 204781 62384202 0 0 0 1538702 0 0 0 63922904
96 51817773 2802008 3822042 304208 0 0 84497 5092355 61367899 1144908 1134884 91119 0 0 0 184073 62520929 0 0 0 1401954 0 0 0 63922883
97 51501047 2771023 3795816 303831 0 0 82712 5468431 61164650 1233606 1224868 98998 0 0 0 200738 62414533 0 0 0 1508327 0 0 0 63922860
98 51229638 2803162 3834711 311568 0 0 84711 5659054 61067041 1277108 1266888 102585 0 0 0 209222 62362491 0 0 0 1560353 0 0 0 63922844
99 50794927 2857114 3849464 322343 0 0 83808 6015167 60879021 1357109 1351635 111665 0 0 0 223393 62259434 0 0 0 1663389 0 0 0 63922823
100 51127509 2892654 3914043 323430 0 0 86741 5578422 61114047 1251419 1250669 102221 0 0 0 204443 62392391 0 0 0 1530408 0 0 0 63922799
101 51666111 2832607 3883752 302311 0 0 85105 5152890 61340133 1155779 1146183 93598 0 0 0 187083 62491683 0 0 0 1431093 0 0 0 63922776
102 51044847 2842669 3903419 314515 0 0 85770 5731519 61033035 1290496 1282695 104692 0 0 0 211821 62342363 0 0 0 1580376 0 0 0 63922739
103 51234042 2833146 3902912 316168 0 0 86872 5549579 61125105 1248482 1243687 100790 0 0 0 204655 62398897 0 0 0 1523822 0 0 0 63922719
104 51357689 2812355 3837675 310920 0 0 84662 5519386 61134721 1246960 1236322 100656 0 0 0 204028 62403282 0 0 0 1519405 0 0 0 63922687
105 50942792 2872017 3919498 318671 0 0 86865 5782821 61001097 1303206 1299124 105916 0 0 0 213321 62323751 0 0 0 1598913 0 0 0 63922664
106 51240609 2876393 3909054 318950 0 0 86711 5490930 61160828 1232711 1228996 99526 0 0 0 200586 62414964 0 0 0 1507683 0 0 0 63922647
107 51159608 2871815 3899862 317318 0 0 85377 5588630 61108663 1252810 1254828 102038 0 0 0 204271 62383756 0 0 0 1538854 0 0 0 63922610
108 51408891 2853901 3912950 313896 0 0 86718 5346225 61238347 1203892 1189563 95829 0 0 0 194950 62446510 0 0 0 1476071 0 0 0 63922581
109 51148008 2828341 3882668 313700 0 0 85404 5664438 61061658 1278553 1269020 103323 0 0 0 210005 62356187 0 0 0 1566372 0 0 0 63922559
110 52034989 2780683 3850377 301863 0 0 87110 4867509 61487094 1089475 1084080 86778 0 0 0 175104 62592812 0 0 0 1329719 0 0 0 63922531
111 58021687 2161499 3287318 161230 0 0 76611 214144 63910264 11758 463 1 0 0 0 3 63922281 0 0 0 208 0 0 0 63922489
112 59440591 1608922 2608219 83167 0 0 51932 129630 63910056 11927 477 0 0 0 0 1 63922226 0 0 0 235 0 0 0 63922461
113 60106037 1334178 2272091 65334 0 0 42057 102735 63910337 11644 447 1 0 0 0 3 63922203 0 0 0 229 0 0 0 63922432
114 61305039 949702 1567339 35862 0 0 19975 44487 63909669 12333 398 2 0 0 0 2 63922153 0 0 0 251 0 0 0 63922404
115 61537775 851863 1440547 33377 0 0 17374 41440 63909793 12201 381 0 0 0 0 1 63922129 0 0 0 247 0 0 0 63922376
116 61717329 784228 1334987 31795 0 0 15373 38634 63909528 12408 407 2 0 0 0 1 63922057 0 0 0 289 0 0 0 63922346
117 61863141 727106 1253759 29066 0 0 13760 35487 63910349 11692 274 0 0 0 0 4 63922094 0 0 0 225 0 0 0 63922319
118 62135702 588195 1160043 10842 0 0 12130 15380 63921927 127 238 0 0 0 0 0 63922291 0 0 0 1 0 0 0 63922292
119 62283534 527729 1082071 7589 0 0 10483 10857 63921711 150 402 0 0 0 0 0 63922263 0 0 0 0 0 0 0 63922263
