0 57272887 8022483 10727777 1368506 0 0 237546 30395833 91834195 7175384 6804617 704268 0 0 0 1506568 98305922 0 0 0 9719110 0 0 0 108025032
1 50644463 10186872 12855827 2382950 0 0 370142 31584668 91774945 7209796 6807518 706304 0 0 0 1526359 98257904 0 0 0 9767018 0 0 0 108024922
2 48399205 11028085 13321146 2690824 0 0 399467 32186107 91679135 7233978 6867668 711754 0 0 0 1532299 98161175 0 0 0 9863659 0 0 0 108024834
3 44573422 11975661 14672081 3262849 0 0 518053 33022666 91792276 7186188 6826146 700818 0 0 0 1519304 98253345 0 0 0 9771387 0 0 0 108024732
4 44430182 12218706 14728732 3360789 0 0 535652 32750576 91981994 7129436 6727802 692326 0 0 0 1493079 98360330 0 0 0 9664307 0 0 0 108024637
5 44260914 12342925 14709802 3391248 0 0 534400 32785247 91927248 7171087 6726257 697471 0 0 0 1502473 98392242 0 0 0 9632294 0 0 0 108024536
6 44417516 12386527 14736659 3389079 0 0 539742 32554918 92076990 7099721 6675879 689200 0 0 0 1482651 98484394 0 0 0 9540047 0 0 0 108024441
7 44912321 12557136 14827278 3414342 0 0 544080 31769202 92551909 6904716 6481693 662064 0 0 0 1423977 98763186 0 0 0 9261173 0 0 0 108024359
8 42988264 12331572 14552398 3406282 0 0 540583 34205179 91143177 7494191 7054580 736322 0 0 0 1596008 97871883 0 0 0 10152395 0 0 0 108024278
9 42610468 12588319 14860960 3574897 0 0 566281 33823263 91490381 7353237 6909091 717302 0 0 0 1554177 98083301 0 0 0 9940887 0 0 0 108024188
10 42349279 12639220 15052721 3631045 0 0 581808 33769995 91554204 7320726 6891120 715402 0 0 0 1542616 98132313 0 0 0 9891755 0 0 0 108024068
11 41536511 12798661 15392974 3783739 0 0 605767 33906317 91518391 7358732 6877792 718145 0 0 0 1550909 98131703 0 0 0 9892266 0 0 0 108023969
12 40753100 12761686 15570918 3853771 0 0 623084 34461315 91225219 7468219 6999692 735404 0 0 0 1595340 97973525 0 0 0 10050349 0 0 0 108023874
13 39898902 12855952 15757273 3973754 0 0 636267 34901637 91048586 7551176 7063373 745171 0 0 0 1615479 97850504 0 0 0 10173281 0 0 0 108023785
14 39030943 12863870 15908451 4079354 0 0 659126 35481953 90824274 7633884 7173835 754336 0 0 0 1637368 97687947 0 0 0 10335750 0 0 0 108023697
15 38444198 12998921 16116367 4203075 0 0 677344 35583706 90859232 7623248 7155059 753458 0 0 0 1632614 97710420 0 0 0 10313191 0 0 0 108023611
16 38504028 13081527 16374239 4273758 0 0 703888 35086097 91212742 7477193 7015499 733834 0 0 0 1584269 97959818 0 0 0 10063719 0 0 0 108023537
17 37167909 13039529 16153019 4329015 0 0 687556 36646422 90215695 7926947 7367123 792413 0 0 1 1721271 97405615 0 0 0 10617835 0 0 0 108023450
18 37475704 13197303 16458077 4422732 0 0 712297 35757241 90847455 7647692 7132645 756759 0 0 0 1638803 97771211 0 0 0 10252143 0 0 0 108023354
19 37397791 13216565 16397606 4394930 0 0 702359 35913995 90717295 7707924 7180218 761119 0 0 0 1656690 97688338 0 0 0 10334908 0 0 0 108023246
20 36248667 13092325 16237036 4444887 0 0 709355 37290892 89994959 8000131 7477144 802404 0 0 0 1748524 97223930 0 0 0 10799232 0 0 0 108023162
21 36095687 13142623 16329524 4503454 0 0 716107 37235672 90084640 7954891 7453001 796670 0 0 0 1733865 97279757 0 0 0 10743310 0 0 0 108023067
22 35444755 13047692 16286164 4527631 0 0 720053 37996681 89625501 8143643 7635577 821733 0 0 0 1796522 96987448 0 0 0 11035528 0 0 0 108022976
23 35994113 13369712 16690703 4665479 0 0 740675 36562196 90540711 7785907 7243941 773611 0 0 0 1678708 97598053 0 0 0 10424825 0 0 0 108022878
24 36420789 13330627 16723115 4598376 0 0 741773 36208096 90704278 7713744 7183653 764477 0 0 0 1656624 97667208 0 0 0 10355568 0 0 0 108022776
25 36329327 13338906 16698959 4590729 0 0 736135 36328625 90630012 7747727 7206962 767300 0 0 0 1670680 97622913 0 0 0 10399768 0 0 0 108022681
26 36235727 13240356 16579557 4547566 0 0 733962 36685396 90444067 7807614 7310103 775777 0 0 0 1685003 97478525 0 0 0 10544039 0 0 0 108022564
27 36482561 13302950 16702233 4563468 0 0 738583 36232668 90743399 7681652 7195423 758646 0 0 0 1643343 97638781 0 0 0 10383682 0 0 0 108022463
28 35687207 13180388 16506002 4569701 0 0 736231 37342812 90044449 7987443 7453750 800932 0 0 0 1735767 97218107 0 0 0 10804234 0 0 0 108022341
29 35687511 13310177 16685558 4670332 0 0 742063 36926584 90305849 7896399 7326174 786545 0 0 0 1707258 97430665 0 0 0 10591560 0 0 0 108022225
30 35789789 13304965 16683530 4648536 0 0 738913 36856386 90341545 7877669 7319492 781892 0 0 0 1701521 97475524 0 0 0 10546595 0 0 0 108022119
31 58846396 16020973 22283386 4353185 0 0 1001814 5516234 107998507 2194 21037 74 0 0 0 176 108020874 0 0 0 1114 0 0 0 108021988
32 69402517 13086589 19442529 2193108 0 0 792368 3104746 107999282 2003 20328 88 0 0 0 156 108020763 0 0 0 1094 0 0 0 108021857
33 74122588 11230264 17959973 1598458 0 0 717092 2393339 107999862 2004 19615 69 0 0 0 164 108020628 0 0 0 1086 0 0 0 108021714
34 82704595 8538348 14486630 782725 0 0 467884 1041362 107998930 1894 20448 81 0 0 0 191 108020434 0 0 0 1110 0 0 0 108021544
35 84567852 7927492 13570408 661876 0 0 406295 887423 108000124 2035 18928 90 0 0 0 169 108020232 0 0 0 1114 0 0 0 108021346
36 86148229 7366711 12789739 573989 0 0 367125 775337 107997958 1960 20971 68 0 0 0 173 108020008 0 0 0 1122 0 0 0 108021130
37 87498603 6932935 12071772 504716 0 0 327481 685371 107998972 1658 20009 75 0 0 0 164 108019819 0 0 0 1059 0 0 0 108020878
38 89162117 6311407 11303858 392342 0 0 298218 552622 108016503 1617 2203 82 0 0 0 159 108019514 0 0 0 1050 0 0 0 108020564
39 90396642 5864503 10672621 335667 0 0 271005 479855 108015325 1909 2823 75 0 0 0 161 108019273 0 0 0 1020 0 0 0 108020293
40 54920116 8003215 10212184 1378035 0 0 221583 33284830 90157092 7932812 7419167 795091 0 0 0 1715801 97233781 0 0 0 10786182 0 0 0 108019963
41 49245905 10359858 12756376 2506947 0 0 386927 32763616 91163048 7516479 7002568 739530 0 0 0 1598004 97893124 0 0 0 10126505 0 0 0 108019629
42 45930779 11254785 13006161 2848046 0 0 402926 34576581 90257069 7909592 7342369 790247 0 0 0 1720001 97368480 0 0 0 10650798 0 0 0 108019278
43 41818392 12389825 14522864 3572912 0 0 539395 35175504 90648651 7754465 7182967 763423 0 0 0 1669386 97632026 0 0 0 10386866 0 0 0 108018892
44 41834417 12352327 14524466 3540057 0 0 555090 35212096 90675000 7703398 7214643 763456 0 0 0 1661956 97562488 0 0 0 10455965 0 0 0 108018453
45 41396137 12458002 14603327 3595887 0 0 567370 35397286 90641095 7711226 7239160 764775 0 0 0 1661753 97537094 0 0 0 10480915 0 0 0 108018009
46 40779992 12468570 14567916 3643618 0 0 575157 35982283 90296649 7853073 7379933 784605 0 0 0 1703276 97394988 0 0 0 10622548 0 0 0 108017536
47 38601932 12363842 14387200 3722505 0 0 566984 38374563 88810078 8478981 7932523 876785 0 0 0 1918659 96517195 0 0 0 11499831 0 0 0 108017026
48 39401395 12762673 15003994 3920750 0 0 611621 36316106 90225436 7890622 7385521 790653 0 0 0 1724307 97391816 0 0 0 10624723 0 0 0 108016539
49 38364191 12727814 14909335 3935437 0 0 606213 37473069 89515030 8186296 7659856 830812 0 0 0 1824065 96959346 0 0 0 11056713 0 0 0 108016059
50 37946224 12852340 15311714 4093239 0 0 650276 37161815 89933426 7991622 7526051 804974 0 0 0 1759535 97214005 0 0 0 10801603 0 0 0 108015608
51 37921378 12864580 15502869 4122309 0 0 659609 36944411 90054802 7938526 7485851 796630 0 0 0 1739347 97250465 0 0 0 10764691 0 0 0 108015156
52 36539147 12792601 15629052 4248791 0 0 684532 38120595 89428473 8205556 7720095 833958 0 0 0 1826636 96889501 0 0 0 11125217 0 0 0 108014718
53 35573930 12942047 15851793 4449699 0 0 702285 38494557 89232409 8320741 7760669 846854 0 0 0 1853638 96866822 0 0 0 11147489 0 0 0 108014311
54 34852687 13000462 16033948 4581685 0 0 720305 38824837 89123716 8365745 7801703 852441 0 0 0 1870319 96760275 0 0 0 11253649 0 0 0 108013924
55 33701999 13065919 16063961 4716687 0 0 730323 39734656 88672477 8560898 7964695 880086 0 0 0 1935389 96526696 0 0 0 11486849 0 0 0 108013545
56 33593981 13206422 16304790 4854160 0 0 759472 39294356 89107622 8370005 7819877 850312 0 0 0 1865365 96774630 0 0 0 11238551 0 0 0 108013181
57 34070038 13375514 16569531 4895338 0 0 775230 38327185 89746063 8100069 7575168 814409 0 0 0 1777127 97091248 0 0 0 10921588 0 0 0 108012836
58 34882826 13414691 16907282 4874845 0 0 802448 37130401 90483130 7769661 7310186 772731 0 0 0 1676785 97572110 0 0 0 10440383 0 0 0 108012493
59 34003085 13223223 16537390 4807998 0 0 769922 38670549 89377234 8268201 7696785 836476 0 0 0 1833471 96945399 0 0 0 11066768 0 0 0 108012167
60 33495986 13213223 16484297 4873964 0 0 773619 39170750 89099036 8389621 7795848 853887 0 0 0 1873447 96772175 0 0 0 11239664 0 0 0 108011839
61 34324986 13485422 16760921 4938901 0 0 776694 37724589 90021656 8005820 7440924 798476 0 0 0 1744637 97354211 0 0 0 10657302 0 0 0 108011513
62 34178261 13432352 16713682 4901710 0 0 784811 38000354 89913764 8041133 7501957 803056 0 0 0 1751260 97229702 0 0 0 10781468 0 0 0 108011170
63 33786706 13349753 16645135 4902672 0 0 781946 38544613 89593159 8169977 7628135 824138 0 0 0 1795416 97033704 0 0 0 10977121 0 0 0 108010825
64 33254374 13176914 16520974 4884942 0 0 780727 39392530 89045882 8386208 7853035 855863 0 0 0 1869473 96718711 0 0 0 11291750 0 0 0 108010461
65 33343553 13331190 16729382 4984525 0 0 783956 38837476 89389564 8264398 7687401 837929 0 0 0 1830790 96944606 0 0 0 11065476 0 0 0 108010082
66 33066574 13283854 16677047 4978597 0 0 784523 39219101 89147134 8360331 7783983 851520 0 0 0 1866728 96820309 0 0 0 11189387 0 0 0 108009696
67 33680083 13473660 16968129 5031655 0 0 795806 38059955 89922106 8036840 7488683 803282 0 0 0 1758377 97269540 0 0 0 10739748 0 0 0 108009288
68 33622360 13327518 16789785 4930856 0 0 790035 38548296 89604265 8156642 7626940 824453 0 0 0 1796550 97031123 0 0 0 10977727 0 0 0 108008850
69 34506090 13510785 17106795 4969569 0 0 806804 37108356 90531868 7763408 7276724 767735 0 0 0 1668664 97589501 0 0 0 10418898 0 0 0 108008399
70 34106520 13261219 16799540 4840925 0 0 788740 38211003 89729344 8102223 7584935 814952 0 0 0 1776493 97118459 0 0 0 10889488 0 0 0 108007947
71 35971597 13740614 17483217 4960468 0 0 816610 35034961 91677114 7298814 6799376 709446 0 0 0 1522717 98311861 0 0 0 9695606 0 0 0 108007467
72 36193386 13496335 17116432 4738682 0 0 783427 35678719 91094621 7555904 7021518 739048 0 0 0 1595890 97968394 0 0 0 10038587 0 0 0 108006981
73 36264838 13488130 17179873 4739085 0 0 782708 35551836 91206586 7483748 6990660 735360 0 0 0 1590116 98007624 0 0 0 9998846 0 0 0 108006470
74 35695437 13296251 16704726 4646886 0 0 757300 36905397 90321861 7866223 7340898 781916 0 0 0 1695099 97457518 0 0 0 10548479 0 0 0 108005997
75 34410409 13227723 16518334 4751316 0 0 750947 38346825 89525834 8207946 7644981 825083 0 0 0 1801710 96992025 0 0 0 11013529 0 0 0 108005554
76 34543564 13370334 16739217 4856894 0 0 770352 37724753 89969410 8023392 7467298 800846 0 0 0 1744168 97245028 0 0 0 10760086 0 0 0 108005114
77 35430981 13548860 17126377 4879144 0 0 780557 36238809 90867956 7631374 7120892 754618 0 0 0 1629888 97832124 0 0 0 10172604 0 0 0 108004728
78 34381206 13031352 16779039 4714630 0 0 765544 38332606 89533738 8141177 7688713 829030 0 0 0 1811719 97172328 0 0 0 10832049 0 0 0 108004377
79 33392720 12904251 16587313 4757795 0 0 752676 39609288 88777704 8441919 7990212 875726 0 0 0 1918482 96713480 0 0 0 11290563 0 0 0 108004043
80 34641666 13378924 16970576 4885526 0 0 774839 37352182 90231295 7892751 7383369 785334 0 0 0 1710964 97414652 0 0 0 10589061 0 0 0 108003713
81 34145865 13253497 16769774 4822781 0 0 765002 38246523 89687941 8123387 7591127 816379 0 0 0 1784608 97082735 0 0 0 10920707 0 0 0 108003442
82 34972556 13412308 17138759 4874281 0 0 793563 36811661 90615932 7730179 7233894 766330 0 0 0 1656793 97630334 0 0 0 10372794 0 0 0 108003128
83 35382999 13397099 16979069 4772736 0 0 767237 36703736 90498322 7786812 7266113 773818 0 0 0 1677811 97618173 0 0 0 10384703 0 0 0 108002876
84 33548829 13061142 16412330 4743427 0 0 740629 39496303 88755230 8532011 7921207 874895 0 0 0 1919317 96588568 0 0 0 11414092 0 0 0 108002660
85 33772127 13279454 16631573 4872527 0 0 747889 38698893 89342753 8286412 7698236 839807 0 0 0 1835255 96963831 0 0 0 11038632 0 0 0 108002463
86 34265341 13378984 16767494 4876901 0 0 759159 37954414 89860451 8056487 7522082 805537 0 0 0 1757736 97208169 0 0 0 10794124 0 0 0 108002293
87 33247472 13271509 16577694 4899404 0 0 756352 39249719 89118278 8370931 7803159 851437 0 0 0 1858345 96756505 0 0 0 11245645 0 0 0 108002150
88 33804085 13275696 16866482 4913498 0 0 776582 38365676 89684934 8110025 7607391 818535 0 0 0 1781134 97114659 0 0 0 10887360 0 0 0 108002019
89 33731228 13298343 16770954 4892713 0 0 755936 38552714 89450568 8245610 7649435 835629 0 0 0 1820646 97022819 0 0 0 10979069 0 0 0 108001888
90 33172253 13201623 16704880 4899968 0 0 759282 39263776 89034792 8405511 7821756 859086 0 0 0 1880637 96751766 0 0 0 11250016 0 0 0 108001782
91 33531218 13328815 16809612 4929235 0 0 756591 38646196 89427223 8248852 7665801 835009 0 0 0 1824782 96988208 0 0 0 11013459 0 0 0 108001667
92 34214526 13374379 16992152 4903422 0 0 770971 37746095 90048530 7967871 7451021 797504 0 0 0 1736619 97344890 0 0 0 10656655 0 0 0 108001545
93 33934773 13332648 16827282 4875431 0 0 761113 38270196 89695347 8134708 7577471 817690 0 0 0 1776227 97083980 0 0 0 10917463 0 0 0 108001443
94 34298004 13336262 16953581 4874682 0 0 772238 37766560 90001986 7998474 7464070 800778 0 0 0 1736019 97275873 0 0 0 10725454 0 0 0 108001327
95 33875759 13307048 16744396 4866244 0 0 746946 38460838 89451517 8259576 7636974 835353 0 0 0 1817811 97017662 0 0 0 10983569 0 0 0 108001231
96 33997263 13360277 16884195 4904789 0 0 758590 38096015 89726988 8135634 7540228 819557 0 0 0 1778722 97192586 0 0 0 10808543 0 0 0 108001129
97 33608306 13268634 16684065 4862909 0 0 739944 38837173 89241727 8337465 7725565 845929 0 0 0 1850345 96905843 0 0 0 11095188 0 0 0 108001031
98 34016097 13338894 16931920 4894797 0 0 764000 38055232 89844792 8059445 7527741 808537 0 0 0 1760425 97205348 0 0 0 10795592 0 0 0 108000940
99 34201894 13389834 16884360 4877431 0 0 755900 37891426 89898165 8055051 7492270 805489 0 0 0 1749870 97241101 0 0 0 10759744 0 0 0 108000845
100 34395687 13341424 17012015 4865841 0 0 770215 37615579 90081112 7966900 7428340 798044 0 0 0 1726365 97358261 0 0 0 10642500 0 0 0 108000761
101 35062768 13428632 17128839 4831758 0 0 760182 36788473 90479868 7814960 7253914 774310 0 0 0 1677600 97623870 0 0 0 10376782 0 0 0 108000652
102 35520767 13412529 17139089 4770611 0 0 758179 36399382 90666609 7733776 7183884 763100 0 0 0 1653188 97755162 0 0 0 10245395 0 0 0 108000557
103 34942574 13312100 16830331 4729057 0 0 733533 37452874 89983686 8029693 7438446 804037 0 0 0 1744607 97337308 0 0 0 10663161 0 0 0 108000469
104 35168158 13336485 16895716 4743865 0 0 742691 37113480 90261306 7906983 7346767 784379 0 0 0 1700960 97455466 0 0 0 10544929 0 0 0 108000395
105 35074677 13323747 16811160 4727335 0 0 735108 37328282 90127679 7955119 7403730 793013 0 0 0 1720768 97387498 0 0 0 10612811 0 0 0 108000309
106 35250565 13336642 16964202 4746131 0 0 752250 36950431 90393752 7840469 7304707 780436 0 0 0 1680857 97530590 0 0 0 10469631 0 0 0 108000221
107 35003883 13231255 16856154 4706182 0 0 733278 37469380 89982041 8015220 7454565 803703 0 0 0 1744603 97357227 0 0 0 10642905 0 0 0 108000132
108 33880865 13082667 16552217 4725267 0 0 722250 39036771 89013201 8434047 7813019 858794 0 0 0 1880976 96745415 0 0 0 11254622 0 0 0 108000037
109 33729433 13155875 16645067 4792905 0 0 724353 38952305 89124440 8375402 7782026 852983 0 0 0 1865087 96821671 0 0 0 11178267 0 0 0 107999938
110 33792528 13249046 16685386 4836072 0 0 734202 38702584 89366062 8273303 7701557 835216 0 0 0 1823680 96908920 0 0 0 11090898 0 0 0 107999818
111 57141906 16467543 22788325 4674423 0 0 1018189 5909342 107925780 71343 2596 4 0 0 0 5 107999115 0 0 0 613 0 0 0 107999728
112 67691176 13624286 19999059 2444675 0 0 812491 3427960 107927680 69722 2236 6 0 0 0 3 107999095 0 0 0 552 0 0 0 107999647
113 72500314 11829482 18483098 1804428 0 0 723555 2658688 107939792 57327 2440 3 0 0 0 3 107999081 0 0 0 484 0 0 0 107999565
114 81129533 9295875 14863855 980678 0 0 467733 1261796 107916544 80465 2450 3 0 0 0 8 107998811 0 0 0 659 0 0 0 107999470
115 82959043 8757129 13886175 870042 0 0 407189 1119791 107911011 85996 2352 4 0 0 0 6 107998675 0 0 0 694 0 0 0 107999369
116 84611759 8154630 13102769 765599 0 0 372076 992441 107912108 85115 2045 4 0 0 0 2 107998540 0 0 0 734 0 0 0 107999274
117 86177759 7562630 12420324 650697 0 0 338003 849759 107936807 60729 1626 4 0 0 0 6 107998646 0 0 0 526 0 0 0 107999172
118 88030942 6686624 11855947 469632 0 0 315270 640669 107996722 818 1544 0 0 0 0 0 107999080 0 0 0 4 0 0 0 107999084
119 89277884 6228250 11267146 396676 0 0 281279 547739 107995320 1604 2050 0 0 0 0 0 107998971 0 0 0 3 0 0 0 107998974
