0 125816478 6615837 8412904 734122 0 0 107885 26024400 154337805 6043884 5796832 522163 0 0 0 1010942 159747522 0 0 0 7964104 0 0 0 167711626
1 117682761 9006810 11214539 1215262 0 0 221871 28370314 153302717 6525980 6199489 564754 0 0 0 1118617 159192751 0 0 0 8518806 0 0 0 167711557
2 114006389 10105965 12072693 1400317 0 0 254760 29871382 152567204 6857212 6499263 598008 0 0 0 1189819 158774489 0 0 0 8937017 0 0 0 167711506
3 110011944 11683701 14634101 1719958 0 0 384473 29277269 153231310 6575301 6209672 566146 0 0 0 1129017 159172480 0 0 0 8538966 0 0 0 167711446
4 109483922 11911027 14788405 1741380 0 0 401266 29385366 153224946 6541893 6249939 572704 0 0 0 1121884 159128200 0 0 0 8583166 0 0 0 167711366
5 109160795 12107740 14956513 1766276 0 0 412681 29307300 153307464 6514853 6209652 569412 0 0 0 1109924 159200577 0 0 0 8510728 0 0 0 167711305
6 109453133 12064129 14860353 1751603 0 0 415253 29166770 153370899 6482543 6187308 566056 0 0 0 1104435 159225315 0 0 0 8485926 0 0 0 167711241
7 109994874 12109499 14983663 1758750 0 0 422509 28441882 153755871 6346705 5986465 543657 0 0 0 1078479 159469656 0 0 0 8241521 0 0 0 167711177
8 108602499 12180523 15047537 1780967 0 0 424281 29675301 153067263 6659308 6269623 572821 0 0 0 1142093 159078906 0 0 0 8632202 0 0 0 167711108
9 109070163 12379064 15288472 1816383 0 0 433748 28723212 153608966 6426941 6033785 550710 0 0 0 1090640 159406291 0 0 0 8304751 0 0 0 167711042
10 108295874 12388144 15291858 1818896 0 0 434975 29481229 153219016 6559829 6239782 572355 0 0 0 1119994 159191829 0 0 0 8519147 0 0 0 167710976
11 106718179 12621215 15711781 1896620 0 0 456265 30306866 152817734 6746986 6397435 591664 0 0 0 1157107 158972051 0 0 0 8738875 0 0 0 167710926
12 107471300 12622873 15998214 1903536 0 0 478038 29236901 153413576 6472131 6160262 565026 0 0 0 1099867 159315581 0 0 0 8395281 0 0 0 167710862
13 106750815 12705983 16325235 1940134 0 0 489103 29499536 153258156 6583302 6183325 564440 0 0 0 1121583 159226321 0 0 0 8484485 0 0 0 167710806
14 105836390 12812855 16646125 1991507 0 0 509607 29914256 153066521 6670488 6260223 573841 0 0 0 1139667 159118760 0 0 0 8591980 0 0 0 167710740
15 105772692 12957505 16778990 2015014 0 0 509936 29676546 153193553 6617800 6200708 568703 0 0 0 1129919 159203783 0 0 0 8506900 0 0 0 167710683
16 105987780 12994973 16871550 2011266 0 0 518537 29326495 153424843 6476307 6149527 562468 0 0 0 1097456 159323780 0 0 0 8386821 0 0 0 167710601
17 107043394 13021366 16964540 1994646 0 0 524540 28162038 154054009 6203871 5876347 536158 0 0 0 1040139 159698947 0 0 0 8011577 0 0 0 167710524
18 105573795 12914125 16859833 1989005 0 0 523197 29850500 153138635 6601570 6264213 578103 0 0 0 1127934 159149458 0 0 0 8560997 0 0 0 167710455
19 105506643 13027960 17069177 2034842 0 0 530135 29541617 153290292 6574614 6161802 564941 0 0 0 1118725 159240655 0 0 0 8469719 0 0 0 167710374
20 105834377 12972976 16982334 2017021 0 0 527442 29376177 153369369 6532183 6135443 561784 0 0 0 1111548 159275331 0 0 0 8434996 0 0 0 167710327
21 105268339 13138722 17142049 2050086 0 0 529258 29581805 153275638 6577692 6170971 564535 0 0 0 1121423 159218188 0 0 0 8492071 0 0 0 167710259
22 103689324 13178817 17059873 2078861 0 0 528313 31175002 152432963 6915501 6559748 608468 0 0 0 1193510 158749261 0 0 0 8960929 0 0 0 167710190
23 104288173 13306580 17242631 2103912 0 0 537487 30231339 152981231 6682439 6318814 584380 0 0 0 1143258 159065947 0 0 0 8644175 0 0 0 167710122
24 104822822 13210079 17241362 2073073 0 0 546533 29816185 153196668 6581102 6242555 572523 0 0 0 1117206 159191009 0 0 0 8519045 0 0 0 167710054
25 104035474 13258553 17427687 2103996 0 0 551439 30332829 152910224 6745354 6315126 583982 0 0 0 1155292 158996667 0 0 0 8713311 0 0 0 167709978
26 104432782 13236878 17389367 2097609 0 0 550937 30002331 153077711 6665839 6252413 574150 0 0 0 1139791 159078844 0 0 0 8631060 0 0 0 167709904
27 105060750 13268586 17348192 2084637 0 0 541360 29406300 153391399 6539916 6110507 558682 0 0 0 1109321 159294308 0 0 0 8415517 0 0 0 167709825
28 105979996 13205030 17265067 2046625 0 0 541054 28671978 153822231 6307578 5973101 545641 0 0 0 1061199 159561784 0 0 0 8147966 0 0 0 167709750
29 107162849 13093765 17170893 1993768 0 0 535791 27752619 154286512 6109062 5772538 524105 0 0 0 1017468 159828918 0 0 0 7880767 0 0 0 167709685
30 106490771 12924010 16977674 1975385 0 0 528355 28813395 153697574 6364567 6025147 551560 0 0 0 1070742 159476773 0 0 0 8232817 0 0 0 167709590
31 136059013 11297770 16880404 1239684 0 0 558341 1674277 167687617 1524 20218 44 0 0 0 86 167708803 0 0 0 686 0 0 0 167709489
32 144452794 8228606 13204267 551056 0 0 376164 896497 167687577 1422 20264 43 0 0 0 78 167708735 0 0 0 649 0 0 0 167709384
33 147022891 7084926 12064138 442158 0 0 329241 765888 167687771 1391 19930 52 0 0 0 98 167708529 0 0 0 713 0 0 0 167709242
34 154536557 4632720 8028716 149603 0 0 157270 204207 167687737 1389 19813 42 0 0 0 92 167708411 0 0 0 662 0 0 0 167709073
35 155695604 4174321 7405622 126376 0 0 135186 171787 167687226 1329 20220 33 0 0 0 88 167708229 0 0 0 667 0 0 0 167708896
36 156685507 3740667 6905897 108977 0 0 119818 147816 167686737 1245 20574 43 0 0 0 83 167708075 0 0 0 607 0 0 0 167708682
37 157376802 3446865 6545712 98318 0 0 108028 132717 167687455 1112 19774 39 0 0 0 62 167707799 0 0 0 643 0 0 0 167708442
38 158402617 3068254 5986025 62909 0 0 93641 94720 167705381 1122 1537 47 0 0 0 79 167707598 0 0 0 568 0 0 0 167708166
39 159093342 2836394 5565047 52688 0 0 81249 79153 167704369 1478 1896 41 0 0 0 89 167707283 0 0 0 590 0 0 0 167707873
40 120384776 6956799 8628907 796510 0 0 104229 30836341 151755236 7207403 6849716 640743 0 0 0 1254464 158289103 0 0 0 9418459 0 0 0 167707562
41 113062283 9638904 11736289 1357189 0 0 242295 31670258 151600333 7276925 6904236 650611 0 0 0 1275113 158227505 0 0 0 9479713 0 0 0 167707218
42 111937879 10562505 12468042 1494334 0 0 276685 30967359 152080587 7064751 6709557 625824 0 0 0 1226085 158520591 0 0 0 9186213 0 0 0 167706804
43 107007907 12137330 15293901 1848682 0 0 427523 30991031 152438486 6949278 6516932 603149 0 0 0 1198529 158745400 0 0 0 8960974 0 0 0 167706374
44 105896945 12296690 15394672 1877474 0 0 438981 31801169 152009436 7129681 6702776 623740 0 0 0 1240298 158494326 0 0 0 9211605 0 0 0 167705931
45 104280644 12579880 15447016 1941845 0 0 439955 33016092 151353725 7421550 6970218 652899 0 0 0 1307040 158132409 0 0 0 9573023 0 0 0 167705432
46 104531637 12742692 15553405 1967754 0 0 451851 32457541 151712690 7219704 6869300 641886 0 0 0 1261300 158341837 0 0 0 9363043 0 0 0 167704880
47 102772649 12941396 15720458 2022978 0 0 458990 33787833 151017236 7524403 7152128 676276 0 0 0 1334261 157946359 0 0 0 9757945 0 0 0 167704304
48 102498340 13117946 16124901 2079778 0 0 491015 33391776 151287501 7405804 7047448 661374 0 0 0 1301629 158119091 0 0 0 9584665 0 0 0 167703756
49 103526277 13183616 16328096 2085470 0 0 501705 32078061 151973413 7151203 6710475 624530 0 0 0 1243604 158519047 0 0 0 9184178 0 0 0 167703225
50 103110535 13212841 16540952 2095619 0 0 513783 32228976 151912153 7171778 6739744 626982 0 0 0 1252049 158465433 0 0 0 9237273 0 0 0 167702706
51 102478955 13349251 16759142 2138235 0 0 518366 32458220 151781532 7238796 6786111 634753 0 0 0 1260977 158400382 0 0 0 9301787 0 0 0 167702169
52 103655198 13344660 16919335 2124017 0 0 531925 31126510 152549149 6860696 6507202 604432 0 0 0 1180166 158842332 0 0 0 8859313 0 0 0 167701645
53 103162279 13371072 17097286 2134325 0 0 537780 31398403 152404034 6929110 6569229 608319 0 0 0 1190453 158762575 0 0 0 8938570 0 0 0 167701145
54 103106184 13355867 17366549 2154922 0 0 561629 31155521 152558656 6855985 6507753 601885 0 0 0 1176393 158843387 0 0 0 8857285 0 0 0 167700672
55 103243020 13369329 17514687 2166948 0 0 563477 30842807 152696736 6835100 6406977 590650 0 0 0 1170805 158942043 0 0 0 8758225 0 0 0 167700268
56 103185382 13381974 17636367 2173814 0 0 571698 30750626 152748987 6803820 6392817 586236 0 0 0 1168001 158977345 0 0 0 8722516 0 0 0 167699861
57 102591105 13517252 17661006 2199988 0 0 566276 31163825 152518353 6909042 6482178 600308 0 0 0 1189571 158843451 0 0 0 8856001 0 0 0 167699452
58 103444723 13523493 17673232 2178543 0 0 570504 30308571 153014755 6656362 6311302 580785 0 0 0 1135862 159102830 0 0 0 8596236 0 0 0 167699066
59 103093316 13494749 17617955 2173311 0 0 566431 30752934 152768712 6767809 6415274 591539 0 0 0 1155362 159002035 0 0 0 8696661 0 0 0 167698696
60 102555718 13459509 17702099 2188393 0 0 578061 31214554 152527382 6863990 6521369 605484 0 0 0 1180109 158846068 0 0 0 8852266 0 0 0 167698334
61 103294152 13469656 17782990 2187154 0 0 577790 30386222 152953319 6718719 6303450 577140 0 0 0 1145336 159103042 0 0 0 8594922 0 0 0 167697964
62 103853810 13408898 17750154 2159281 0 0 578308 29947127 153168572 6615645 6220178 567259 0 0 0 1125924 159223595 0 0 0 8473983 0 0 0 167697578
63 102823663 13487303 17685033 2176486 0 0 566666 30958018 152616540 6867499 6437868 592770 0 0 0 1182492 158878805 0 0 0 8818364 0 0 0 167697169
64 102675463 13500524 17622060 2182470 0 0 566623 31149622 152535875 6861001 6518183 600323 0 0 0 1181380 158831777 0 0 0 8864985 0 0 0 167696762
65 103122839 13522840 17629606 2177585 0 0 566902 30676586 152795435 6753935 6399555 592518 0 0 0 1154915 159001329 0 0 0 8695029 0 0 0 167696358
66 102941593 13451977 17680976 2174334 0 0 577712 30869293 152703204 6789392 6445909 595164 0 0 0 1162216 158936636 0 0 0 8759249 0 0 0 167695885
67 102886254 13489638 17783720 2191545 0 0 578169 30766059 152732600 6817198 6386774 589576 0 0 0 1169237 158947580 0 0 0 8747805 0 0 0 167695385
68 103708053 13418170 17748913 2164825 0 0 577702 30077198 153094564 6646146 6247055 573222 0 0 0 1133874 159162654 0 0 0 8532207 0 0 0 167694861
69 103196523 13474387 17668537 2169363 0 0 565558 30619956 152780867 6800951 6364103 586094 0 0 0 1162309 158965003 0 0 0 8729321 0 0 0 167694324
70 102220608 13497447 17599649 2185530 0 0 565249 31625322 152273102 6984376 6613690 616261 0 0 0 1206376 158665422 0 0 0 9028383 0 0 0 167693805
71 105454052 13511911 17711570 2135101 0 0 571740 28308900 154056653 6202657 5862038 534601 0 0 0 1037325 159672158 0 0 0 8021116 0 0 0 167693274
72 105263552 13259288 17454359 2069333 0 0 560718 29085476 153597322 6400328 6064824 552734 0 0 0 1077518 159404443 0 0 0 8288283 0 0 0 167692726
73 105201977 13270257 17618084 2092509 0 0 568811 28940512 153671529 6396990 5997574 546795 0 0 0 1079262 159461350 0 0 0 8230800 0 0 0 167692150
74 106458501 13063455 17288041 2026717 0 0 548218 28306666 153959380 6270299 5876775 532283 0 0 0 1052861 159650518 0 0 0 8041080 0 0 0 167691598
75 106732164 13111597 17270741 2019984 0 0 540930 28015683 154104628 6212172 5808605 526682 0 0 0 1039012 159705766 0 0 0 7985333 0 0 0 167691099
76 104424945 13114851 17093644 2048554 0 0 532578 30476084 152790337 6753346 6399789 592410 0 0 0 1154774 158920292 0 0 0 8770364 0 0 0 167690656
77 106778438 13192498 17294278 2043449 0 0 544348 27837215 154247951 6110834 5787214 524727 0 0 0 1019500 159787290 0 0 0 7902936 0 0 0 167690226
78 97154291 13133069 16922276 2197866 0 0 521856 37760454 148846093 8444655 8073087 781190 0 0 0 1544787 156878168 0 0 0 10811644 0 0 0 167689812
79 93272353 13907014 17994457 2524412 0 0 588040 39403192 148101088 8812873 8324034 812881 0 0 0 1638592 156427455 0 0 0 11262013 0 0 0 167689468
80 100490980 14189528 18445202 2439270 0 0 612695 31511482 152418321 6951876 6518671 601825 0 0 0 1198464 158743632 0 0 0 8945525 0 0 0 167689157
81 102893057 14119195 18765738 2321648 0 0 631461 28957765 153846784 6316545 5921747 538272 0 0 0 1065516 159575779 0 0 0 8113085 0 0 0 167688864
82 103134753 13767874 18406522 2219997 0 0 617386 29542056 153502200 6439733 6097167 559198 0 0 0 1090290 159350141 0 0 0 8338447 0 0 0 167688588
83 103469948 13436077 17601766 2130773 0 0 561811 30487974 152859671 6728490 6363719 587988 0 0 0 1148481 158986966 0 0 0 8701383 0 0 0 167688349
84 104005860 13303440 17446841 2106733 0 0 556856 30268405 152953619 6678628 6333120 584420 0 0 0 1138348 159058808 0 0 0 8629327 0 0 0 167688135
85 103772431 13352867 17570459 2129342 0 0 559575 30303283 152915215 6735130 6308761 579113 0 0 0 1149738 159033541 0 0 0 8654416 0 0 0 167687957
86 103360424 13383678 17645854 2146318 0 0 566860 30584655 152781587 6788983 6367799 585448 0 0 0 1163972 158971622 0 0 0 8716167 0 0 0 167687789
87 103498262 13460419 17655387 2151637 0 0 559863 30362078 152896013 6742937 6313341 581174 0 0 0 1154181 159011217 0 0 0 8676429 0 0 0 167687646
88 103013110 13455874 17573507 2152828 0 0 558477 30933745 152607560 6837447 6472524 599395 0 0 0 1170615 158853312 0 0 0 8834229 0 0 0 167687541
89 103967608 13485905 17706197 2151223 0 0 565311 29811196 153222662 6567159 6209028 572528 0 0 0 1116063 159252121 0 0 0 8435319 0 0 0 167687440
90 103862458 13331044 17624039 2122767 0 0 565601 30181436 153012448 6658151 6302868 581590 0 0 0 1132288 159096352 0 0 0 8590993 0 0 0 167687345
91 104545818 13344362 17805288 2126978 0 0 572288 29292546 153481593 6485496 6071138 554002 0 0 0 1095051 159383353 0 0 0 8303927 0 0 0 167687280
92 104156957 13230032 17587000 2103008 0 0 558141 30052067 153037554 6672607 6263253 576224 0 0 0 1137567 159115239 0 0 0 8571966 0 0 0 167687205
93 103884266 13365231 17644657 2132312 0 0 555505 30105155 153014287 6693181 6263246 575031 0 0 0 1141381 159108026 0 0 0 8579100 0 0 0 167687126
94 105481232 13286718 17493229 2077241 0 0 550824 28797808 153731697 6341965 5997865 548764 0 0 0 1066761 159519301 0 0 0 8167751 0 0 0 167687052
95 104437247 13271099 17381384 2080181 0 0 543228 29973837 153096126 6624827 6259959 577855 0 0 0 1128209 159154560 0 0 0 8532416 0 0 0 167686976
96 103823605 13247232 17438055 2101593 0 0 553625 30522798 152807127 6745157 6390784 591873 0 0 0 1151967 158993635 0 0 0 8693273 0 0 0 167686908
97 104831967 13233770 17482357 2093314 0 0 549801 29495631 153322902 6556140 6131071 564259 0 0 0 1112468 159311585 0 0 0 8375255 0 0 0 167686840
98 103602521 13236321 17469713 2110645 0 0 550237 30717334 152670879 6845412 6404085 591358 0 0 0 1175037 158913562 0 0 0 8773209 0 0 0 167686771
99 106189650 13315297 17652275 2081635 0 0 555279 27892567 154211519 6167702 5755640 523398 0 0 0 1028444 159797271 0 0 0 7889432 0 0 0 167686703
100 105505200 13108787 17204528 2021290 0 0 532143 29314708 153406107 6487579 6131751 562592 0 0 0 1098627 159325824 0 0 0 8360832 0 0 0 167686656
101 105539608 13207625 17379673 2051305 0 0 542555 28965809 153637411 6386822 6036108 551059 0 0 0 1075175 159485117 0 0 0 8201458 0 0 0 167686575
102 106638800 12954190 17097688 1989255 0 0 530917 28475656 153855658 6275980 5956959 542567 0 0 0 1055342 159615535 0 0 0 8070971 0 0 0 167686506
103 104733366 13050221 17222067 2043628 0 0 532208 30104939 152967499 6710766 6282742 579120 0 0 0 1146302 159110032 0 0 0 8576397 0 0 0 167686429
104 103893700 13139251 17310354 2089339 0 0 538697 30715006 152637302 6855381 6424513 593410 0 0 0 1175741 158909661 0 0 0 8776686 0 0 0 167686347
105 104865256 13239762 17376859 2088743 0 0 535202 29580468 153258892 6587106 6155487 566089 0 0 0 1118716 159263750 0 0 0 8422540 0 0 0 167686290
106 105373170 13218033 17361178 2059951 0 0 541368 29132524 153538789 6427932 6076443 557058 0 0 0 1086002 159426056 0 0 0 8260168 0 0 0 167686224
107 104634998 13227597 17328113 2068281 0 0 537340 29889839 153133645 6609937 6243915 575955 0 0 0 1122716 159189711 0 0 0 8496457 0 0 0 167686168
108 104687810 13140393 17294504 2062366 0 0 540639 29960392 153095234 6617799 6269372 579485 0 0 0 1124214 159163337 0 0 0 8522767 0 0 0 167686104
109 104581948 13166800 17353418 2076857 0 0 540037 29966994 153062008 6673715 6240475 573846 0 0 0 1136010 159164266 0 0 0 8521788 0 0 0 167686054
110 104378765 13193243 17406047 2086455 0 0 545192 30076287 153004970 6695381 6265958 576416 0 0 0 1143264 159111177 0 0 0 8574812 0 0 0 167685989
111 134713149 11933551 17271661 1365064 0 0 567869 1834628 167634245 49522 2126 9 0 0 0 20 167685017 0 0 0 905 0 0 0 167685922
112 143191458 8885354 13525898 651146 0 0 389063 1042934 167635233 48544 2053 9 0 0 0 14 167684981 0 0 0 872 0 0 0 167685853
113 146142006 7585738 12228424 518069 0 0 340125 871429 167636312 47547 1909 13 0 0 0 10 167684922 0 0 0 869 0 0 0 167685791
114 153805686 5057803 8150904 220886 0 0 164830 285615 167635383 48451 1872 8 0 0 0 10 167684853 0 0 0 871 0 0 0 167685724
115 154896778 4600711 7596678 195714 0 0 142369 253414 167635857 47979 1806 10 0 0 0 12 167684814 0 0 0 850 0 0 0 167685664
116 155824294 4235445 7089321 179275 0 0 126703 230547 167634288 49578 1700 4 0 0 0 15 167684721 0 0 0 864 0 0 0 167685585
117 156550548 3979451 6657268 170129 0 0 111872 216256 167633899 50292 1309 6 0 0 0 18 167684614 0 0 0 910 0 0 0 167685524
118 157930525 3317509 6138409 82517 0 0 99427 117086 167683553 682 1238 0 0 0 0 0 167685468 0 0 0 5 0 0 0 167685473
119 158724858 3006133 5713838 62736 0 0 86822 91018 167682675 1125 1605 0 0 0 0 0 167685397 0 0 0 8 0 0 0 167685405
