0 24480340 1359148 1806694 181582 0 0 27424 5871945 30666680 1353118 1343552 122144 0 0 0 241639 32096877 0 0 0 1630256 0 0 0 33727133
1 22512611 1871979 2410729 292635 0 0 58685 6580477 30340506 1501399 1472907 136695 0 0 0 275609 31914372 0 0 0 1812744 0 0 0 33727116
2 22317140 2082781 2584001 324552 0 0 68623 6350000 30471669 1450789 1411024 130239 0 0 0 263376 31992130 0 0 0 1734967 0 0 0 33727097
3 21048252 2393977 3118772 395640 0 0 100085 6670347 30374977 1495654 1448506 134282 0 0 0 273654 31935785 0 0 0 1791288 0 0 0 33727073
4 20998866 2467139 3207529 410248 0 0 107617 6535650 30460980 1454868 1416396 131538 0 0 0 263267 31990250 0 0 0 1736799 0 0 0 33727049
5 20910841 2474003 3185643 412459 0 0 106202 6637885 30415059 1470155 1440540 134261 0 0 0 267018 31958209 0 0 0 1768824 0 0 0 33727033
6 21153377 2487726 3223436 410613 0 0 110472 6341389 30580301 1394905 1374448 125700 0 0 0 251659 32043956 0 0 0 1683057 0 0 0 33727013
7 21046327 2477965 3192304 408878 0 0 108424 6493094 30493354 1438032 1407151 129069 0 0 0 259386 31998766 0 0 0 1728226 0 0 0 33726992
8 20689986 2512857 3220838 419689 0 0 110835 6772765 30339409 1511756 1462746 136246 0 0 0 276813 31916985 0 0 0 1809985 0 0 0 33726970
9 20291670 2556749 3253579 433963 0 0 112028 7078962 30169668 1586167 1533219 143840 0 0 0 294057 31826651 0 0 0 1900300 0 0 0 33726951
10 20475280 2605163 3348297 447366 0 0 119214 6731611 30368541 1493466 1455456 135720 0 0 0 273748 31937688 0 0 0 1789243 0 0 0 33726931
11 20189312 2618150 3404595 455269 0 0 121484 6938101 30271339 1528974 1504624 141310 0 0 0 280664 31882933 0 0 0 1843978 0 0 0 33726911
12 19949225 2649735 3494713 471061 0 0 128984 7033169 30231778 1551684 1515012 142686 0 0 0 285727 31856364 0 0 0 1870523 0 0 0 33726887
13 19798737 2662887 3530589 481292 0 0 131864 7121492 30185051 1571812 1533773 143956 0 0 0 292269 31832658 0 0 0 1894203 0 0 0 33726861
14 19344572 2706688 3583682 500773 0 0 135693 7455436 29996914 1660996 1604331 152451 0 0 0 312152 31740386 0 0 0 1986458 0 0 0 33726844
15 19445605 2758793 3671793 509440 0 0 142060 7199131 30154940 1593390 1538832 145050 0 0 0 294610 31820284 0 0 0 1906538 0 0 0 33726822
16 19040843 2772411 3686598 519124 0 0 142564 7565269 29949360 1681497 1622738 156461 0 0 0 316753 31715035 0 0 0 2011774 0 0 0 33726809
17 18745641 2815187 3767286 544715 0 0 148986 7704975 29894163 1698959 1654191 159511 0 0 0 319966 31683618 0 0 0 2043172 0 0 0 33726790
18 19092404 2830806 3798046 537998 0 0 152175 7315341 30109496 1603117 1567448 148168 0 0 0 298541 31793988 0 0 0 1932782 0 0 0 33726770
19 18915055 2828018 3800987 539605 0 0 152915 7490171 30020396 1643865 1603550 151183 0 0 0 307757 31742427 0 0 0 1984324 0 0 0 33726751
20 18776892 2846679 3815339 547413 0 0 154492 7585912 29960807 1678182 1617899 154136 0 0 0 315703 31720013 0 0 0 2006714 0 0 0 33726727
21 19168229 2850794 3823230 536195 0 0 154461 7193793 30177062 1584078 1527956 144668 0 0 0 292938 31835432 0 0 0 1891270 0 0 0 33726702
22 19296426 2839549 3818005 530069 0 0 154344 7088285 30230523 1557319 1508945 142578 0 0 0 287313 31868265 0 0 0 1858413 0 0 0 33726678
23 18901279 2823906 3815251 538381 0 0 152987 7494849 30013740 1645725 1605688 153786 0 0 0 307714 31749449 0 0 0 1977204 0 0 0 33726653
24 19074246 2830283 3821990 538641 0 0 154652 7306816 30117044 1601407 1562500 147846 0 0 0 297831 31800797 0 0 0 1925831 0 0 0 33726628
25 19368885 2819502 3827762 528939 0 0 153674 7027844 30276114 1539259 1490708 140478 0 0 0 280047 31882563 0 0 0 1844043 0 0 0 33726606
26 19101483 2822757 3811423 529926 0 0 154031 7306963 30109418 1613137 1556541 147236 0 0 0 300251 31795235 0 0 0 1931348 0 0 0 33726583
27 19026659 2832298 3823759 536299 0 0 153991 7353546 30088319 1621615 1565934 148760 0 0 0 301924 31785790 0 0 0 1940762 0 0 0 33726552
28 19161865 2833111 3813166 531437 0 0 154262 7232683 30147546 1593142 1544574 146648 0 0 0 294614 31820729 0 0 0 1905795 0 0 0 33726524
29 19293752 2834037 3856677 530607 0 0 156085 7055348 30261173 1541345 1499694 141243 0 0 0 283051 31872447 0 0 0 1854059 0 0 0 33726506
30 18856268 2812001 3815925 539140 0 0 152331 7550814 29980824 1660226 1618324 155055 0 0 0 312050 31728392 0 0 0 1998087 0 0 0 33726479
31 26039244 2651043 4036837 344272 0 0 179131 475928 33722920 353 3139 17 0 0 0 26 33726294 0 0 0 161 0 0 0 33726455
32 28195407 1923271 3098413 144320 0 0 117751 247269 33722882 330 3180 14 0 0 0 25 33726254 0 0 0 177 0 0 0 33726431
33 28796481 1646134 2853217 113501 0 0 103652 213403 33722861 341 3146 12 0 0 0 28 33726204 0 0 0 184 0 0 0 33726388
34 30783624 1023899 1793477 33307 0 0 46248 45793 33722898 358 3049 9 0 0 0 34 33726172 0 0 0 176 0 0 0 33726348
35 31058253 911136 1651826 27476 0 0 39669 37949 33722730 296 3235 16 0 0 0 32 33726156 0 0 0 153 0 0 0 33726309
36 31298866 817567 1520614 22813 0 0 34532 31867 33722880 300 3044 13 0 0 0 22 33726102 0 0 0 157 0 0 0 33726259
37 31481664 746076 1420454 20152 0 0 30294 27532 33722610 266 3260 13 0 0 0 23 33726006 0 0 0 166 0 0 0 33726172
38 31696414 672555 1295543 14075 0 0 26447 21061 33725399 279 381 11 0 0 0 25 33725942 0 0 0 153 0 0 0 33726095
39 31857060 612014 1204344 11592 0 0 23326 17669 33725213 342 410 11 0 0 0 29 33725861 0 0 0 144 0 0 0 33726005
40 23327641 1439348 1847301 198849 0 0 26614 6886168 30107767 1610391 1561436 148162 0 0 0 298165 31796406 0 0 0 1929515 0 0 0 33725921
41 21481306 2002271 2531205 328700 0 0 64253 7318106 29945520 1677596 1630907 156684 0 0 0 315134 31707522 0 0 0 2018319 0 0 0 33725841
42 21088704 2224664 2712453 371350 0 0 75501 7253062 30000174 1655995 1607194 153175 0 0 0 309196 31737588 0 0 0 1988146 0 0 0 33725734
43 19623499 2561438 3323238 463330 0 0 115866 7638268 29892595 1703752 1649152 158707 0 0 0 321433 31674190 0 0 0 2051449 0 0 0 33725639
44 19938418 2631970 3400019 470884 0 0 123310 7160928 30162241 1594506 1530336 143476 0 0 0 294970 31825162 0 0 0 1900367 0 0 0 33725529
45 20133981 2629202 3370090 459142 0 0 121477 7011508 30237316 1558659 1502472 139919 0 0 0 287034 31860944 0 0 0 1864456 0 0 0 33725400
46 19753715 2645997 3370534 467490 0 0 121885 7365635 30039710 1638072 1589437 151948 0 0 0 306089 31762423 0 0 0 1962833 0 0 0 33725256
47 19538765 2662147 3384136 480142 0 0 122277 7537636 29952813 1672050 1630607 156130 0 0 0 313503 31712080 0 0 0 2013023 0 0 0 33725103
48 19608629 2688493 3425257 485674 0 0 126378 7390533 30039390 1635646 1593909 151539 0 0 0 304480 31751522 0 0 0 1973442 0 0 0 33724964
49 18962717 2716705 3469990 504034 0 0 129189 7942210 29746022 1763170 1713196 165213 0 0 0 337244 31593368 0 0 0 2131477 0 0 0 33724845
50 19337786 2783119 3584797 516048 0 0 139207 7363746 30070192 1632748 1568956 148863 0 0 0 303944 31773136 0 0 0 1951567 0 0 0 33724703
51 19642439 2767788 3595968 503693 0 0 139059 7075653 30229776 1560979 1505859 140763 0 0 0 287223 31860269 0 0 0 1864331 0 0 0 33724600
52 19253091 2780052 3655564 512587 0 0 143399 7379799 30062570 1630007 1578417 150697 0 0 0 302801 31772955 0 0 0 1951537 0 0 0 33724492
53 18920852 2777637 3677361 528993 0 0 144406 7675151 29906338 1690379 1651095 159125 0 0 0 317463 31681733 0 0 0 2042667 0 0 0 33724400
54 18968529 2807574 3742166 537106 0 0 149847 7519058 29997520 1653568 1609785 153965 0 0 0 309442 31730650 0 0 0 1993630 0 0 0 33724280
55 18728670 2826118 3798281 548280 0 0 154416 7668426 29927461 1689326 1634148 156173 0 0 0 317083 31687103 0 0 0 2037088 0 0 0 33724191
56 18840166 2865217 3858110 552987 0 0 159097 7448510 30048150 1642332 1578678 149543 0 0 0 305384 31758667 0 0 0 1965420 0 0 0 33724087
57 19116125 2865110 3857428 544240 0 0 159120 7181984 30195231 1578679 1518116 142997 0 0 0 288984 31837517 0 0 0 1886490 0 0 0 33724007
58 19006375 2856435 3845988 543103 0 0 157990 7314042 30110222 1608315 1558299 148277 0 0 0 298820 31804410 0 0 0 1919523 0 0 0 33723933
59 18941344 2848186 3848556 546944 0 0 157409 7381421 30084246 1613254 1576817 149415 0 0 0 300128 31779162 0 0 0 1944698 0 0 0 33723860
60 18714039 2839522 3825129 551276 0 0 156339 7637463 29935808 1678355 1638057 157173 0 0 0 314375 31701473 0 0 0 2022295 0 0 0 33723768
61 18893729 2865964 3880969 555051 0 0 160565 7367417 30102252 1609785 1565993 147383 0 0 0 298282 31783121 0 0 0 1940574 0 0 0 33723695
62 19112278 2861988 3868677 546258 0 0 161230 7173190 30195796 1574639 1519895 142576 0 0 0 290715 31847875 0 0 0 1875746 0 0 0 33723621
63 19266357 2857279 3879990 537712 0 0 161100 7021103 30284769 1538123 1481863 138257 0 0 0 280529 31888370 0 0 0 1835171 0 0 0 33723541
64 19313572 2828836 3834813 526798 0 0 156678 7062740 30243397 1550595 1503450 140967 0 0 0 285028 31865637 0 0 0 1857800 0 0 0 33723437
65 18803203 2819508 3809494 538757 0 0 153955 7598431 29953881 1669605 1631199 155591 0 0 0 313072 31707852 0 0 0 2015496 0 0 0 33723348
66 18880726 2842474 3846603 550935 0 0 156528 7445962 30046304 1630459 1590843 151787 0 0 0 303835 31764450 0 0 0 1958778 0 0 0 33723228
67 18495379 2848648 3831250 558627 0 0 156413 7832819 29834125 1725039 1677318 161088 0 0 0 325566 31641795 0 0 0 2081341 0 0 0 33723136
68 18795469 2898843 3925685 565874 0 0 165023 7372134 30098201 1618750 1558635 146706 0 0 0 300736 31792523 0 0 0 1930505 0 0 0 33723028
69 18586446 2875747 3869005 561657 0 0 159508 7670562 29919579 1694496 1632484 156825 0 0 0 319541 31698539 0 0 0 2024386 0 0 0 33722925
70 18740382 2908555 3934995 565881 0 0 163940 7409030 30073169 1626372 1570517 149746 0 0 0 302979 31778239 0 0 0 1944544 0 0 0 33722783
71 19240046 2871952 3910573 542540 0 0 161103 6996450 30296972 1521398 1487721 139019 0 0 0 277554 31888935 0 0 0 1833729 0 0 0 33722664
72 19147294 2843078 3884681 537247 0 0 160274 7149951 30210727 1561240 1519997 143442 0 0 0 287119 31839869 0 0 0 1882656 0 0 0 33722525
73 19295312 2823860 3866038 530359 0 0 159556 7047247 30268709 1538667 1494309 139064 0 0 0 281623 31868643 0 0 0 1853729 0 0 0 33722372
74 19367366 2811708 3804815 520443 0 0 154032 7063864 30232711 1561572 1501105 140684 0 0 0 286156 31856976 0 0 0 1865252 0 0 0 33722228
75 19019188 2822306 3807835 530109 0 0 153527 7389134 30058837 1635846 1574466 148869 0 0 0 304081 31760620 0 0 0 1961479 0 0 0 33722099
76 19381932 2841033 3844960 527596 0 0 156601 6969867 30287560 1532696 1483529 139353 0 0 0 278851 31888034 0 0 0 1833955 0 0 0 33721989
77 19435543 2811635 3831051 519398 0 0 154388 6969879 30293479 1523482 1486880 139513 0 0 0 278540 31881404 0 0 0 1840490 0 0 0 33721894
78 18726611 2810234 3814179 554091 0 0 154125 7662547 29915415 1683162 1648543 157356 0 0 0 317311 31721188 0 0 0 2000599 0 0 0 33721787
79 18694895 2836535 3846986 569068 0 0 156152 7618071 29952621 1670895 1631285 154729 0 0 0 312177 31735281 0 0 0 1986426 0 0 0 33721707
80 19016271 2861096 3864454 549051 0 0 158206 7272545 30130681 1600113 1547619 145937 0 0 0 297273 31810033 0 0 0 1911590 0 0 0 33721623
81 18491170 2869352 3868827 556779 0 0 157579 7777826 29855278 1721658 1658665 159679 0 0 0 326253 31653991 0 0 0 2067542 0 0 0 33721533
82 18553941 2893441 3910551 564702 0 0 160976 7637845 29934566 1684684 1627100 157017 0 0 0 318089 31701087 0 0 0 2020369 0 0 0 33721456
83 18854713 2881448 3905266 555521 0 0 159639 7364782 30094228 1612300 1567158 149500 0 0 0 298183 31781850 0 0 0 1939519 0 0 0 33721369
84 18689619 2876633 3906937 561067 0 0 161093 7525971 30005537 1647010 1606418 153763 0 0 0 308592 31735448 0 0 0 1985872 0 0 0 33721320
85 18776185 2873053 3909014 559575 0 0 161136 7442317 30057587 1626832 1583555 149795 0 0 0 303511 31763648 0 0 0 1957632 0 0 0 33721280
86 18834863 2867746 3868015 552142 0 0 158177 7440297 30037406 1642521 1583947 150492 0 0 0 306874 31759769 0 0 0 1961471 0 0 0 33721240
87 18725114 2874969 3879258 555244 0 0 158187 7528426 29995091 1661806 1601375 152214 0 0 0 310712 31731200 0 0 0 1989998 0 0 0 33721198
88 18660117 2882522 3877981 556701 0 0 157899 7585953 29955744 1674536 1619207 156478 0 0 0 315208 31713081 0 0 0 2008092 0 0 0 33721173
89 18733787 2885202 3906811 559189 0 0 160426 7475734 30034347 1636823 1594339 151984 0 0 0 303656 31748942 0 0 0 1972207 0 0 0 33721149
90 19169504 2874978 3930697 548560 0 0 161813 7035571 30273059 1531689 1495853 140321 0 0 0 280201 31879621 0 0 0 1841502 0 0 0 33721123
91 19178472 2839132 3892492 537437 0 0 158320 7115251 30224761 1554671 1516330 141196 0 0 0 284146 31847690 0 0 0 1873414 0 0 0 33721104
92 18743109 2833828 3843743 542320 0 0 155599 7602477 29943949 1685593 1618909 155630 0 0 0 316995 31704500 0 0 0 2016576 0 0 0 33721076
93 18869089 2860474 3854270 546200 0 0 155831 7435182 30038744 1642184 1581852 151243 0 0 0 307023 31751951 0 0 0 1969095 0 0 0 33721046
94 18876917 2866864 3861201 547161 0 0 156164 7412715 30048041 1635369 1580825 151075 0 0 0 305712 31761751 0 0 0 1959271 0 0 0 33721022
95 18841742 2876504 3914264 553038 0 0 159822 7375630 30085055 1613191 1573130 150207 0 0 0 299417 31773707 0 0 0 1947293 0 0 0 33721000
96 18319501 2856265 3865859 562931 0 0 156481 7959938 29755325 1754239 1710354 166092 0 0 0 334965 31604630 0 0 0 2116345 0 0 0 33720975
97 18947638 2896273 3953965 563309 0 0 163143 7196622 30197882 1567900 1524562 142910 0 0 0 287696 31835445 0 0 0 1885505 0 0 0 33720950
98 19033567 2858678 3878727 542070 0 0 156823 7251061 30140966 1600582 1538651 145390 0 0 0 295337 31809115 0 0 0 1911811 0 0 0 33720926
99 18388157 2872560 3892559 561159 0 0 157823 7848643 29817732 1736594 1674416 161534 0 0 0 330625 31632731 0 0 0 2088170 0 0 0 33720901
100 18647092 2885877 3891692 560942 0 0 157115 7578159 29960913 1672864 1618088 155630 0 0 0 313382 31716356 0 0 0 2004521 0 0 0 33720877
101 18323961 2881197 3880019 568177 0 0 156850 7910654 29784160 1742971 1696770 164859 0 0 0 332098 31618850 0 0 0 2102008 0 0 0 33720858
102 18340078 2916859 3965402 583419 0 0 163781 7751299 29888314 1697086 1655225 159516 0 0 0 320697 31672654 0 0 0 2048184 0 0 0 33720838
103 19061078 2904562 3967208 560644 0 0 163386 7063941 30271401 1537851 1492191 139445 0 0 0 279931 31878507 0 0 0 1842312 0 0 0 33720819
104 18678730 2872185 3898021 555531 0 0 159517 7556822 29977066 1668274 1608445 153833 0 0 0 313188 31726823 0 0 0 1993983 0 0 0 33720806
105 19057423 2887080 3936031 549502 0 0 161452 7129296 30219436 1563848 1508374 141473 0 0 0 287653 31855359 0 0 0 1865425 0 0 0 33720784
106 18819715 2838023 3825370 540066 0 0 152332 7545261 29961304 1674345 1616416 155864 0 0 0 312838 31720712 0 0 0 2000055 0 0 0 33720767
107 18917218 2874175 3920766 553907 0 0 158887 7295788 30129113 1593937 1555634 147940 0 0 0 294117 31806755 0 0 0 1913986 0 0 0 33720741
108 18971410 2837476 3864427 542896 0 0 154792 7349716 30086684 1613897 1572439 149121 0 0 0 298576 31782331 0 0 0 1938386 0 0 0 33720717
109 18504992 2853444 3886549 558531 0 0 156835 7760346 29871272 1711988 1656095 159659 0 0 0 321683 31663292 0 0 0 2057405 0 0 0 33720697
110 18766187 2878514 3900181 557802 0 0 158219 7459774 30028891 1646453 1586042 151160 0 0 0 308131 31752484 0 0 0 1968193 0 0 0 33720677
111 25904594 2724395 4077704 351528 0 0 178335 484102 33715807 4396 452 1 0 0 0 2 33720586 0 0 0 72 0 0 0 33720658
112 27889408 2027199 3244565 159380 0 0 124669 275417 33715986 4196 453 1 0 0 0 2 33720566 0 0 0 72 0 0 0 33720638
113 28694633 1687892 2899742 117934 0 0 104114 216301 33716312 3915 387 0 0 0 0 2 33720568 0 0 0 48 0 0 0 33720616
114 30659582 1072434 1852082 37150 0 0 48731 50618 33715949 4210 432 1 0 0 0 5 33720537 0 0 0 60 0 0 0 33720597
115 30952751 961477 1693011 30654 0 0 41111 41577 33716127 4092 360 0 0 0 0 2 33720518 0 0 0 63 0 0 0 33720581
116 31194611 874831 1554122 26111 0 0 35688 35194 33716100 4086 370 0 0 0 0 1 33720498 0 0 0 59 0 0 0 33720557
117 31378702 806697 1448924 23414 0 0 31413 31384 33715703 4484 339 4 0 0 0 4 33720482 0 0 0 52 0 0 0 33720534
118 31594762 708932 1349857 16117 0 0 27996 22851 33720046 167 302 0 0 0 0 0 33720515 0 0 0 0 0 0 0 33720515
119 31761826 638818 1263543 13090 0 0 24656 18565 33719969 192 337 0 0 0 0 0 33720497 0 0 0 1 0 0 0 33720498
