0 14637450 1005183 1440303 143028 0 0 26617 3727679 19034928 886460 822927 76836 0 0 0 159109 19703435 0 0 0 1276825 0 0 0 20980260
1 13618031 1382031 1822137 243020 0 0 47565 3867471 19013874 896213 831074 77891 0 0 0 161203 19691995 0 0 0 1288260 0 0 0 20980255
2 13136795 1544892 1930727 276066 0 0 52643 4039122 18929680 936979 861370 81165 0 0 0 171051 19635926 0 0 0 1344319 0 0 0 20980245
3 12296284 1785423 2306986 352414 0 0 78670 4160462 18946860 927389 855355 81453 0 0 0 169182 19660056 0 0 0 1320183 0 0 0 20980239
4 16265498 1694537 2333823 248673 0 0 86827 350870 20976181 3793 232 3 0 0 0 19 20980072 0 0 0 156 0 0 0 20980228
5 13217187 1498606 1963124 233843 0 0 58018 4009441 18963477 916130 853269 80512 0 0 0 166831 19659862 0 0 0 1320357 0 0 0 20980219
6 16651457 1527440 2174502 224824 0 0 80139 321846 20975777 492 3915 5 0 0 0 19 20980054 0 0 0 154 0 0 0 20980208
7 14583572 1215768 1483916 158181 0 0 31517 3507246 19168818 827154 768230 70792 0 0 0 145206 19795800 0 0 0 1184400 0 0 0 20980200
8 12725480 1651627 2119910 301290 0 0 69366 4112518 18949295 928628 852541 80702 0 0 0 169025 19638048 0 0 0 1342143 0 0 0 20980191
9 13068567 1605784 1915534 281936 0 0 55059 4053302 18922612 938557 864968 82783 0 0 0 171262 19611794 0 0 0 1368388 0 0 0 20980182
10 12463751 1821772 2283301 348907 0 0 79636 3982808 19044070 886653 814188 76375 0 0 0 158889 19716456 0 0 0 1263719 0 0 0 20980175
11 12262067 1852107 2361841 356079 0 0 85262 4062810 19016236 896600 827973 78358 0 0 0 160999 19693054 0 0 0 1287112 0 0 0 20980166
12 11819712 1883019 2408478 376401 0 0 88623 4403923 18833996 977275 902377 86050 0 0 0 180458 19560440 0 0 0 1419716 0 0 0 20980156
13 11850816 1920819 2483331 392169 0 0 93078 4239933 18939081 932413 858687 81078 0 0 0 168887 19629010 0 0 0 1351136 0 0 0 20980146
14 11591936 1940350 2508746 397561 0 0 94705 4446837 18818094 989708 903765 86127 0 0 0 182441 19557512 0 0 0 1422623 0 0 0 20980135
15 11464270 1979509 2586217 417212 0 0 101624 4431295 18839074 978376 895792 85941 0 0 0 180944 19575440 0 0 0 1404687 0 0 0 20980127
16 11814892 1972241 2598510 393280 0 0 101340 4099857 19020818 900252 818922 77846 0 0 0 162282 19709420 0 0 0 1270700 0 0 0 20980120
17 11413815 1975078 2581718 410145 0 0 101453 4497904 18800935 992205 915121 88554 0 0 0 183298 19546604 0 0 0 1433509 0 0 0 20980113
18 11795780 2016536 2642763 416770 0 0 104775 4003484 19092388 864569 796225 73900 0 0 0 153026 19746801 0 0 0 1233307 0 0 0 20980108
19 11523414 1970496 2568683 404946 0 0 99309 4413255 18847253 971749 896106 86105 0 0 0 178890 19575149 0 0 0 1404954 0 0 0 20980103
20 11522598 2021693 2664119 427826 0 0 106779 4237080 18963926 923684 845209 79589 0 0 0 167687 19658452 0 0 0 1321643 0 0 0 20980095
21 11258764 1970067 2594324 405849 0 0 102435 4648645 18704999 1039219 947955 92691 0 0 0 195220 19493738 0 0 0 1486346 0 0 0 20980084
22 11482295 2048068 2738062 440445 0 0 112420 4158784 19011640 903055 824492 78377 0 0 0 162510 19699901 0 0 0 1280173 0 0 0 20980074
23 11503121 2011959 2695023 422802 0 0 108393 4238771 18956990 923113 852335 80595 0 0 0 167036 19661378 0 0 0 1318691 0 0 0 20980069
24 11205091 2031093 2728795 440350 0 0 111310 4463420 18850073 969898 896088 85728 0 0 0 178272 19580832 0 0 0 1399227 0 0 0 20980059
25 11273226 2033638 2707612 438160 0 0 109366 4418043 18865690 962562 889831 84759 0 0 0 177203 19581170 0 0 0 1398875 0 0 0 20980045
26 11305805 2048384 2732373 441808 0 0 111226 4340439 18908048 947799 869272 82090 0 0 0 172826 19619297 0 0 0 1360738 0 0 0 20980035
27 11303426 2042673 2746788 438192 0 0 113323 4335626 18911204 947073 865775 83203 0 0 0 172773 19626900 0 0 0 1353128 0 0 0 20980028
28 11131789 2037717 2741521 447734 0 0 112763 4508488 18813765 990154 906361 87311 0 0 0 182421 19559653 0 0 0 1420359 0 0 0 20980012
29 11311991 2054291 2764781 448011 0 0 114905 4286019 18948410 925078 857527 81076 0 0 0 167907 19653676 0 0 0 1326322 0 0 0 20979998
30 11691135 2052942 2772808 433861 0 0 113932 3915304 19156143 835051 770730 71220 0 0 0 146838 19801778 0 0 0 1178204 0 0 0 20979982
31 15173992 1983481 2915335 327053 0 0 124006 456099 20975107 422 4418 4 0 0 0 15 20979802 0 0 0 164 0 0 0 20979966
32 16486047 1525918 2430976 170771 0 0 92405 273835 20975132 394 4410 9 0 0 0 7 20979790 0 0 0 162 0 0 0 20979952
33 17115669 1264402 2180982 128093 0 0 79267 211522 20975117 323 4476 2 0 0 0 17 20979795 0 0 0 140 0 0 0 20979935
34 18300172 882143 1616122 59187 0 0 45318 76976 20974967 371 4558 7 0 0 0 15 20979775 0 0 0 143 0 0 0 20979918
35 18528128 797378 1494500 52788 0 0 39087 68011 20974907 340 4625 8 0 0 0 12 20979750 0 0 0 142 0 0 0 20979892
36 18695280 737832 1403439 47437 0 0 34639 61232 20974959 338 4541 6 0 0 0 15 20979722 0 0 0 137 0 0 0 20979859
37 18847137 681533 1321174 43334 0 0 31252 55401 20975162 278 4376 3 0 0 0 12 20979692 0 0 0 139 0 0 0 20979831
38 19070179 606140 1218588 23572 0 0 27149 34167 20979361 275 142 3 0 0 0 14 20979700 0 0 0 95 0 0 0 20979795
39 19223778 546035 1139805 18241 0 0 24460 27424 20979147 354 218 12 0 0 0 12 20979634 0 0 0 109 0 0 0 20979743
40 14940555 954097 1399074 117269 0 0 25002 3543702 19120207 854729 780653 72753 0 0 0 151357 19755354 0 0 0 1224345 0 0 0 20979699
41 13838212 1329664 1770718 215259 0 0 45660 3780132 19049685 882314 813217 77227 0 0 0 157202 19706452 0 0 0 1273193 0 0 0 20979645
42 13493089 1497184 1873741 244411 0 0 50630 3820529 19047213 886521 811457 76004 0 0 0 158389 19713273 0 0 0 1266311 0 0 0 20979584
43 12781953 1729598 2221677 311526 0 0 74198 3860569 19103659 862171 787697 73969 0 0 0 152025 19753104 0 0 0 1226417 0 0 0 20979521
44 12296577 1763863 2234272 323223 0 0 75406 4286123 18866050 967345 883676 84415 0 0 0 177978 19589636 0 0 0 1389828 0 0 0 20979464
45 12042198 1822179 2280021 347751 0 0 80401 4406847 18807277 991548 908855 87762 0 0 0 183955 19558566 0 0 0 1420831 0 0 0 20979397
46 11849177 1862987 2301011 362208 0 0 81952 4521986 18751420 1016640 931717 89973 0 0 0 189571 19536674 0 0 0 1442647 0 0 0 20979321
47 11642915 1914161 2370952 384254 0 0 88758 4578188 18743843 1016357 940071 90159 0 0 0 188798 19529571 0 0 0 1449657 0 0 0 20979228
48 15796355 1883894 2498925 290905 0 0 100300 408772 20975549 3400 184 5 0 0 0 13 20979034 0 0 0 117 0 0 0 20979151
49 12379628 1612768 2067603 257145 0 0 65826 4596105 18653198 1057446 975210 95457 0 0 0 197764 19442104 0 0 0 1536971 0 0 0 20979075
50 11611421 1842606 2367664 373228 0 0 88868 4695210 18671855 1050822 965222 93004 0 0 0 198094 19480613 0 0 0 1498384 0 0 0 20978997
51 16728693 1622728 2096131 216478 0 0 72249 242657 20975273 3434 216 3 0 0 0 10 20978816 0 0 0 120 0 0 0 20978936
52 12579554 1619927 2164360 262128 0 0 71656 4281250 18832103 981497 898611 86663 0 0 0 180001 19588882 0 0 0 1389993 0 0 0 20978875
53 11839346 1824737 2463197 369521 0 0 95662 4386343 18850475 968891 896718 85484 0 0 0 177238 19599335 0 0 0 1379471 0 0 0 20978806
54 12026745 1763393 2202813 336448 0 0 72035 4577304 18672541 1048285 967550 93928 0 0 0 196434 19471498 0 0 0 1507240 0 0 0 20978738
55 11321516 1995754 2609957 432269 0 0 102700 4516475 18812404 988063 909517 87315 0 0 0 181372 19579835 0 0 0 1398836 0 0 0 20978671
56 15313433 1962785 2813113 323373 0 0 118081 447831 20976904 456 1242 8 0 0 0 6 20978540 0 0 0 76 0 0 0 20978616
57 11962067 1690329 2325611 293675 0 0 81542 4625335 18651461 1060639 972045 95207 0 0 0 199207 19465555 0 0 0 1513004 0 0 0 20978559
58 11264618 1873178 2555958 391780 0 0 101520 4791457 18629895 1071347 978957 95752 0 0 0 202560 19447659 0 0 0 1530852 0 0 0 20978511
59 11690564 1849597 2327511 375194 0 0 81044 4654543 18641784 1058570 982348 96026 0 0 0 199725 19445485 0 0 0 1532968 0 0 0 20978453
60 10909962 2060696 2682594 462723 0 0 109294 4753140 18703173 1035196 954110 92021 0 0 0 193909 19491365 0 0 0 1487044 0 0 0 20978409
61 14974969 2071593 2927135 367429 0 0 128529 508696 20973505 468 4366 4 0 0 0 8 20978229 0 0 0 122 0 0 0 20978351
62 11766871 1739865 2339533 306820 0 0 83304 4741910 18597602 1085788 992294 97186 0 0 0 205433 19420380 0 0 0 1557923 0 0 0 20978303
63 10868134 1922771 2582384 426860 0 0 104816 5073281 18479988 1134763 1040847 103644 0 0 0 219004 19333004 0 0 0 1645242 0 0 0 20978246
64 11706180 1901338 2381722 389302 0 0 84385 4515264 18727544 1025781 941621 91518 0 0 0 191727 19516439 0 0 0 1461752 0 0 0 20978191
65 10863551 2069447 2712952 467873 0 0 112706 4751595 18699039 1034864 957320 93227 0 0 0 193674 19485486 0 0 0 1492638 0 0 0 20978124
66 10649083 2087345 2746971 478528 0 0 116629 4899501 18631506 1067300 982674 95652 0 0 0 200925 19430488 0 0 0 1547569 0 0 0 20978057
67 10475779 2078528 2705570 468564 0 0 113591 5135955 18484832 1131723 1041210 102969 0 0 0 217253 19347143 0 0 0 1630844 0 0 0 20977987
68 10568528 2130414 2784001 498641 0 0 118518 4877825 18644581 1063980 974233 94870 0 0 0 200263 19466457 0 0 0 1511470 0 0 0 20977927
69 10430678 2121701 2782184 498509 0 0 119819 5024975 18554064 1100074 1011698 100257 0 0 0 211773 19382675 0 0 0 1595191 0 0 0 20977866
70 10396295 2143517 2832263 509614 0 0 124285 4971814 18596611 1081686 995473 97963 0 0 0 206055 19418864 0 0 0 1558924 0 0 0 20977788
71 10466632 2137714 2821816 502892 0 0 123181 4925477 18620170 1069114 988543 97177 0 0 0 202708 19435108 0 0 0 1542604 0 0 0 20977712
72 10387477 2150096 2827187 507190 0 0 123533 4982152 18599557 1079359 996922 96873 0 0 0 204924 19433766 0 0 0 1543869 0 0 0 20977635
73 10464142 2159201 2845125 510541 0 0 124581 4873952 18656981 1053931 974601 94182 0 0 0 197847 19468856 0 0 0 1508686 0 0 0 20977542
74 10381851 2151645 2835121 506928 0 0 124091 4977830 18590588 1087489 996115 97304 0 0 0 205970 19419101 0 0 0 1558365 0 0 0 20977466
75 14495825 2216965 3161261 402791 0 0 146055 554502 20973098 4125 173 1 0 0 0 2 20977361 0 0 0 38 0 0 0 20977399
76 11639617 1811671 2527317 327648 0 0 96637 4574452 18699905 1037566 952207 93039 0 0 0 194625 19492615 0 0 0 1484727 0 0 0 20977342
77 10802603 1979242 2746886 446979 0 0 117468 4884101 18610759 1070807 994630 97597 0 0 0 203486 19428816 0 0 0 1548463 0 0 0 20977279
78 11131182 1914257 2473159 395542 0 0 91036 4972043 18480661 1132531 1042628 104012 0 0 0 217387 19365139 0 0 0 1612080 0 0 0 20977219
79 10384834 2111200 2812069 487624 0 0 120015 5061422 18538128 1108960 1017944 100355 0 0 0 211777 19390573 0 0 0 1586591 0 0 0 20977164
80 10537010 2156355 2887758 507204 0 0 125409 4763385 18713982 1032466 945584 90895 0 0 0 194194 19494502 0 0 0 1482619 0 0 0 20977121
81 10485716 2143103 2889203 504312 0 0 127131 4827604 18671413 1047871 965729 94388 0 0 0 197668 19474717 0 0 0 1502352 0 0 0 20977069
82 10594998 2137904 2899239 503443 0 0 127637 4713811 18737244 1022374 936846 90476 0 0 0 190092 19537047 0 0 0 1439985 0 0 0 20977032
83 10506239 2116108 2850507 494251 0 0 123909 4885990 18628898 1064486 986265 96659 0 0 0 200696 19444021 0 0 0 1532983 0 0 0 20977004
84 10355279 2133374 2852038 503866 0 0 122725 5009689 18571277 1091631 1007445 99110 0 0 0 207508 19408338 0 0 0 1568633 0 0 0 20976971
85 10491551 2148618 2863713 502039 0 0 123826 4847198 18667690 1050232 968317 93619 0 0 0 197087 19461325 0 0 0 1515620 0 0 0 20976945
86 10226705 2127342 2819905 492463 0 0 121335 5189178 18462722 1147345 1041848 103943 0 0 0 221070 19335776 0 0 0 1641152 0 0 0 20976928
87 10189781 2161574 2871942 518104 0 0 126104 5109405 18517830 1116933 1025346 101566 0 0 0 215235 19380485 0 0 0 1596425 0 0 0 20976910
88 10440390 2168683 2890930 513222 0 0 126353 4837318 18668093 1051924 964854 93919 0 0 0 198106 19476938 0 0 0 1499958 0 0 0 20976896
89 10370967 2159363 2894344 510745 0 0 127628 4913833 18634358 1063221 983387 96411 0 0 0 199503 19456697 0 0 0 1520183 0 0 0 20976880
90 10737916 2167066 2931183 505400 0 0 129393 4505906 18871655 961797 884194 83979 0 0 0 175239 19623119 0 0 0 1353745 0 0 0 20976864
91 14609765 2154432 3158119 383027 0 0 141555 529952 20972516 443 3888 0 0 0 0 3 20976802 0 0 0 48 0 0 0 20976850
92 11538319 1814615 2551127 339589 0 0 96667 4636517 18671843 1049323 964698 93807 0 0 0 197163 19474014 0 0 0 1502820 0 0 0 20976834
93 10606011 1964700 2708693 446720 0 0 111717 5138986 18444956 1147466 1055814 105757 0 0 0 222834 19317835 0 0 0 1658992 0 0 0 20976827
94 11387049 1959966 2554726 414884 0 0 95064 4565128 18711773 1033055 945889 93119 0 0 0 192981 19511443 0 0 0 1465374 0 0 0 20976817
95 10520356 2104915 2830897 489541 0 0 120030 4911064 18615266 1070357 991614 97289 0 0 0 202277 19433889 0 0 0 1542914 0 0 0 20976803
96 14486769 2180990 3202120 402289 0 0 143978 560647 20973022 422 3349 0 0 0 0 0 20976751 0 0 0 42 0 0 0 20976793
97 11861712 1789763 2527532 324017 0 0 93556 4380208 18814688 986362 907737 86646 0 0 0 181355 19567048 0 0 0 1409740 0 0 0 20976788
98 15209803 1903345 2955818 321832 0 0 127865 458115 20972503 469 3799 3 0 0 0 4 20976688 0 0 0 90 0 0 0 20976778
99 12548513 1508782 2063023 236403 0 0 59140 4560906 18603249 1079658 991034 97759 0 0 0 205067 19425550 0 0 0 1551217 0 0 0 20976767
100 10804489 1907316 2634106 423901 0 0 103889 5103058 18449983 1148668 1050716 105181 0 0 0 222211 19318424 0 0 0 1658335 0 0 0 20976759
101 11678345 1899604 2452893 385622 0 0 87041 4473250 18753885 1011713 932372 90954 0 0 0 187831 19533186 0 0 0 1443569 0 0 0 20976755
102 10782454 2068901 2744786 463381 0 0 110845 4806382 18664973 1051052 967808 94405 0 0 0 198511 19464766 0 0 0 1511983 0 0 0 20976749
103 10541821 2086284 2770977 477634 0 0 114543 4985483 18574488 1089098 1006970 98961 0 0 0 207225 19390232 0 0 0 1586510 0 0 0 20976742
104 10556415 2096102 2755368 481162 0 0 112782 4974907 18569547 1095432 1003706 98401 0 0 0 209650 19405411 0 0 0 1571325 0 0 0 20976736
105 10476104 2104766 2783917 489579 0 0 116878 5005483 18555012 1099025 1012825 100063 0 0 0 209802 19386452 0 0 0 1590275 0 0 0 20976727
106 10393633 2114091 2812388 497333 0 0 119604 5039667 18541685 1107764 1015204 100304 0 0 0 211759 19384189 0 0 0 1592527 0 0 0 20976716
107 14598928 2168883 3122496 398308 0 0 138261 549831 20971865 478 4364 0 0 0 0 0 20976659 0 0 0 48 0 0 0 20976707
108 11565440 1803198 2472049 328212 0 0 90252 4717545 18628314 1068943 983365 95942 0 0 0 200132 19442292 0 0 0 1534404 0 0 0 20976696
109 10844604 1978395 2678495 437753 0 0 108969 4928471 18583426 1087465 1001925 98416 0 0 0 205455 19404109 0 0 0 1572578 0 0 0 20976687
110 11321060 1908142 2411297 389331 0 0 84540 4862311 18527294 1114884 1019229 100778 0 0 0 214496 19371747 0 0 0 1604934 0 0 0 20976681
111 14820683 2122426 3022987 369249 0 0 129900 511426 20973028 3466 176 0 0 0 0 1 20976642 0 0 0 29 0 0 0 20976671
112 16256172 1610889 2534199 177843 0 0 98485 299074 20973221 3291 150 0 0 0 0 0 20976633 0 0 0 29 0 0 0 20976662
113 16796122 1366216 2338442 137513 0 0 88736 249625 20973311 3191 151 1 0 0 0 0 20976626 0 0 0 28 0 0 0 20976654
114 18301926 891649 1630085 45122 0 0 46457 61404 20973316 3197 129 0 0 0 0 1 20976611 0 0 0 32 0 0 0 20976643
115 18552305 795589 1506601 34605 0 0 39359 48175 20974792 1716 126 0 0 0 0 0 20976620 0 0 0 14 0 0 0 20976634
116 18709483 739767 1416904 31911 0 0 34634 43924 20973408 3110 105 0 0 0 0 0 20976592 0 0 0 31 0 0 0 20976623
117 18862511 683551 1330624 28960 0 0 31745 39226 20972952 3556 109 0 0 0 0 0 20976590 0 0 0 27 0 0 0 20976617
118 19052188 606115 1240500 20659 0 0 27783 29362 20976269 214 124 0 0 0 0 0 20976607 0 0 0 0 0 0 0 20976607
119 19203853 554979 1151373 17216 0 0 24403 24778 20976086 399 117 0 0 0 0 0 20976602 0 0 0 0 0 0 0 20976602
