0 142054021 4145934 8130101 181407 0 0 159003 236264 154882380 3037 21104 73 0 0 0 136 154905119 0 0 0 1611 0 0 0 154906730
1 105820345 7426788 10097757 949802 0 0 158356 30453679 138891411 7508781 6536677 637316 0 0 0 1332542 145312027 0 0 0 9594700 0 0 0 154906727
2 99479143 10256636 12881499 1645119 0 0 310231 30334092 139418996 7239124 6359454 614494 0 0 0 1274652 145580835 0 0 0 9325885 0 0 0 154906720
3 95434339 11425202 13469307 1857747 0 0 330699 32389422 138369661 7719100 6770028 663669 0 0 0 1384258 144900440 0 0 0 10006276 0 0 0 154906716
4 121292403 12518531 16362267 1739906 0 0 563351 2430255 154860553 44771 1357 11 0 0 0 21 154905840 0 0 0 873 0 0 0 154906713
5 131325191 8868325 12290684 750451 0 0 367059 1304998 154857486 47073 1938 73 0 0 0 138 154904984 0 0 0 1724 0 0 0 154906708
6 100691889 9800190 12582347 1339550 0 0 319286 30173443 139535660 7205598 6294187 610022 0 0 0 1261238 145656737 0 0 0 9249968 0 0 0 154906705
7 98339629 10555475 12291964 1661414 0 0 296780 31761439 138572683 7655533 6657548 650933 0 0 0 1370004 145124342 0 0 0 9782359 0 0 0 154906701
8 93646286 11750539 13140694 1919379 0 0 332672 34117131 137412911 8152190 7144840 708341 0 0 0 1488419 144363159 0 0 0 10543542 0 0 0 154906701
9 88204955 13662399 16151056 2506763 0 0 520156 33861369 138188845 7804268 6831718 673532 0 0 0 1408335 144825853 0 0 0 10080845 0 0 0 154906698
10 86237120 13988342 16605818 2612175 0 0 553203 34910036 137683542 8014602 7048712 704284 0 0 0 1455554 144475726 0 0 0 10430968 0 0 0 154906694
11 85725385 14355211 17282606 2755414 0 0 599730 34188347 138154195 7838065 6826794 673935 0 0 0 1413704 144814576 0 0 0 10092117 0 0 0 154906693
12 84601599 14369700 17444775 2793656 0 0 611118 35085843 137639842 8063510 7030551 702187 0 0 0 1470601 144516859 0 0 0 10389832 0 0 0 154906691
13 84655753 14592587 17966775 2883768 0 0 650816 34156990 138246099 7814372 6774437 664909 0 0 0 1406872 144944775 0 0 0 9961914 0 0 0 154906689
14 80958255 14548471 17904980 2949182 0 0 650233 37895562 136180130 8702903 7632894 769809 0 0 0 1620947 143683456 0 0 0 11223227 0 0 0 154906683
15 81202128 15086252 18589037 3116252 0 0 694093 36218913 137279246 8218043 7187858 716950 0 0 0 1504578 144242836 0 0 0 10663839 0 0 0 154906675
16 81313874 15153140 18631455 3099733 0 0 693367 36015102 137354146 8164965 7180313 717875 0 0 0 1489372 144290603 0 0 0 10616068 0 0 0 154906671
17 82186085 15428738 19247338 3186953 0 0 737215 34120340 138490014 7688388 6690464 659689 0 0 0 1378114 145052373 0 0 0 9854296 0 0 0 154906669
18 83100396 15207306 19083988 3080987 0 0 729097 33704894 138634814 7626512 6631770 652445 0 0 0 1361127 145150512 0 0 0 9756156 0 0 0 154906668
19 82035951 15102985 19091278 3087779 0 0 730695 34857977 137970893 7946901 6874932 678290 0 0 0 1435649 144781225 0 0 0 10125440 0 0 0 154906665
20 79779655 15062661 19007901 3149661 0 0 727939 37178846 136709595 8474816 7411700 744975 0 0 0 1565577 143932974 0 0 0 10973689 0 0 0 154906663
21 80902961 15387736 19518154 3238588 0 0 757834 35101386 137971907 7909923 6917524 683099 0 0 0 1424206 144695448 0 0 0 10211211 0 0 0 154906659
22 80770220 15431486 19614442 3229318 0 0 761775 35099416 137974963 7891810 6930293 688060 0 0 0 1421531 144667677 0 0 0 10238980 0 0 0 154906657
23 81608213 15586919 20026949 3274129 0 0 789356 33621089 138827975 7542032 6551980 643959 0 0 0 1340709 145258358 0 0 0 9648297 0 0 0 154906655
24 80742986 15298061 19662371 3202224 0 0 766374 35234635 137808990 8003744 6955225 691150 0 0 0 1447542 144695681 0 0 0 10210970 0 0 0 154906651
25 80919746 15388301 19867452 3258084 0 0 784504 34688556 138170053 7849693 6802818 669904 0 0 0 1414175 144908179 0 0 0 9998464 0 0 0 154906643
26 80107515 15231788 19543577 3182852 0 0 761531 36079375 137380055 8188157 7136663 711853 0 0 0 1489910 144406376 0 0 0 10500262 0 0 0 154906638
27 79218383 15505821 19849019 3317571 0 0 784624 36231216 137390660 8178045 7138906 711729 0 0 0 1487294 144345841 0 0 0 10560793 0 0 0 154906634
28 78965496 15569552 19846344 3341835 0 0 779007 36404397 137298689 8197744 7193893 723423 0 0 0 1492882 144263553 0 0 0 10643078 0 0 0 154906631
29 79650152 15705470 20148896 3383015 0 0 796203 35222892 137957231 7938531 6896594 683622 0 0 0 1430650 144724809 0 0 0 10181819 0 0 0 154906628
30 78975076 15544980 19964592 3334058 0 0 792065 36295856 137319019 8231999 7139968 715076 0 0 0 1500565 144382126 0 0 0 10524501 0 0 0 154906627
31 109743471 15841233 22178051 2635861 0 0 934437 3573570 154882998 2132 21484 5 0 0 0 4 154906435 0 0 0 188 0 0 0 154906623
32 120870723 11999197 18084838 1266077 0 0 673647 2012136 154883699 2054 20859 1 0 0 0 5 154906465 0 0 0 153 0 0 0 154906618
33 124677936 10273961 16653024 1000627 0 0 602689 1698374 154882274 1943 22386 3 0 0 0 5 154906448 0 0 0 163 0 0 0 154906611
34 135184536 6867103 11658932 384331 0 0 308258 503447 154881083 1848 23671 0 0 0 0 5 154906435 0 0 0 172 0 0 0 154906607
35 136982178 6159731 10769467 315522 0 0 263978 415724 154884383 1858 20353 1 0 0 0 5 154906467 0 0 0 133 0 0 0 154906600
36 138362064 5594025 10073529 277458 0 0 235226 364284 154883743 1821 21018 3 0 0 0 1 154906433 0 0 0 153 0 0 0 154906586
37 139426040 5151169 9528814 255237 0 0 212242 333079 154882634 1383 22559 2 0 0 0 3 154906405 0 0 0 176 0 0 0 154906581
38 141133048 4524356 8695894 150154 0 0 183779 219346 154904491 1292 785 6 0 0 0 3 154906553 0 0 0 24 0 0 0 154906577
39 142137652 4161814 8136873 123384 0 0 162875 183973 154903853 1668 1046 1 0 0 0 3 154906548 0 0 0 23 0 0 0 154906571
40 109256360 7246976 10073624 865218 0 0 166000 27298383 140669319 6674698 5860742 562132 0 0 0 1139670 146302522 0 0 0 8604039 0 0 0 154906561
41 99542494 10107386 12860170 1589195 0 0 303434 30503869 139220274 7362063 6396585 627173 0 0 0 1300453 145469184 0 0 0 9437364 0 0 0 154906548
42 95748509 11296609 13631126 1813879 0 0 342474 32073945 138469730 7711430 6678462 661604 0 0 0 1385316 145055268 0 0 0 9851274 0 0 0 154906542
43 90432935 13217680 16286919 2390282 0 0 517780 32060927 139068582 7455315 6435300 626929 0 0 0 1320397 145419320 0 0 0 9487203 0 0 0 154906523
44 88400268 13526180 16476799 2475116 0 0 543863 33484289 138409200 7714484 6738221 663324 0 0 0 1381286 145038178 0 0 0 9868337 0 0 0 154906515
45 119341364 13212134 17214396 1893070 0 0 630942 2614598 154882034 1974 22485 5 0 0 0 6 154906258 0 0 0 246 0 0 0 154906504
46 94231639 11332036 13839700 1626572 0 0 379004 33497545 137854822 7957918 6967506 694379 0 0 0 1431871 144616799 0 0 0 10289697 0 0 0 154906496
47 89715353 13087513 16075391 2358052 0 0 533638 33136534 138511430 7691007 6672021 658141 0 0 0 1373882 145068158 0 0 0 9838323 0 0 0 154906481
48 91859173 12439710 14070595 2079729 0 0 387434 34069823 137497843 8146158 7073711 705994 0 0 0 1482758 144495635 0 0 0 10410829 0 0 0 154906464
49 87115113 14224903 17103578 2692699 0 0 595314 33174849 138698072 7618481 6586087 644007 0 0 0 1359809 145234189 0 0 0 9672267 0 0 0 154906456
50 86286393 14217764 17153964 2684188 0 0 603689 33960447 138287180 7776994 6782588 666215 0 0 0 1393468 144946529 0 0 0 9959916 0 0 0 154906445
51 85216848 14506593 17696021 2801951 0 0 637625 34047390 138343873 7750897 6762525 662590 0 0 0 1386543 144943426 0 0 0 9963002 0 0 0 154906428
52 116266960 14226521 18702099 2095841 0 0 720796 2894192 154860887 40335 4459 257 0 0 0 471 154901477 0 0 0 4932 0 0 0 154906409
53 92287048 12081970 15594945 1852578 0 0 481030 32608823 138466751 7709492 6694182 660407 0 0 0 1375562 145013850 0 0 0 9892544 0 0 0 154906394
54 118593690 12864346 18273766 1858514 0 0 711562 2604508 154865850 38997 1488 18 0 0 0 33 154905543 0 0 0 843 0 0 0 154906386
55 98049032 10187512 12860233 1379879 0 0 301112 32128603 138175492 7852374 6800377 668307 0 0 0 1409821 144877176 0 0 0 10029195 0 0 0 154906371
56 85793093 13441280 17409179 2584263 0 0 617380 35061163 137611753 8079594 7055158 697539 0 0 0 1462314 144469832 0 0 0 10436526 0 0 0 154906358
57 123198370 12122399 15785430 1548317 0 0 511812 1740014 154867542 37573 1214 4 0 0 0 9 154905801 0 0 0 541 0 0 0 154906342
58 91831222 12037287 15632618 1857592 0 0 477110 33070495 138274337 7762219 6808393 674494 0 0 0 1386881 144842181 0 0 0 10064143 0 0 0 154906324
59 86110344 13640560 17791096 2635389 0 0 638919 34090001 138165875 7844294 6816415 672878 0 0 0 1406847 144808625 0 0 0 10097684 0 0 0 154906309
60 90170795 13057201 15894005 2334275 0 0 485022 32964995 138282606 7788047 6768428 669511 0 0 0 1397701 144935634 0 0 0 9970659 0 0 0 154906293
61 83884241 14535271 18461576 2922672 0 0 679899 34422619 138119953 7877075 6819751 669494 0 0 0 1420005 144856652 0 0 0 10049626 0 0 0 154906278
62 83942173 14723363 18676208 2962008 0 0 705235 33897273 138509928 7674879 6699595 655421 0 0 0 1366437 145064988 0 0 0 9841272 0 0 0 154906260
63 81710356 14790731 18517080 3002945 0 0 691642 36193490 137214413 8254865 7209339 720489 0 0 0 1507138 144220871 0 0 0 10685373 0 0 0 154906244
64 81995765 15097111 18845475 3097077 0 0 716615 35154188 137867086 7945084 6971787 690761 0 0 0 1431513 144625270 0 0 0 10280961 0 0 0 154906231
65 81719190 15100367 18753749 3091967 0 0 705969 35534974 137584445 8104517 7036643 705475 0 0 0 1475136 144483365 0 0 0 10422851 0 0 0 154906216
66 112408037 15251446 20596966 2446494 0 0 846295 3356970 154878333 3390 24233 78 0 0 0 174 154904419 0 0 0 1789 0 0 0 154906208
67 90479242 12580644 16359772 1997686 0 0 536888 32951962 138365386 7770378 6718746 661384 0 0 0 1390300 145037714 0 0 0 9868480 0 0 0 154906194
68 85602026 13939609 18118261 2716428 0 0 680787 33849063 138408263 7714775 6741265 663537 0 0 0 1378334 145006267 0 0 0 9899907 0 0 0 154906174
69 88722876 13372090 16149668 2402451 0 0 506515 33752557 137927586 7930468 6933268 685213 0 0 0 1429622 144684394 0 0 0 10221763 0 0 0 154906157
70 79691361 14840872 18495915 3066726 0 0 687705 38123568 136118697 8735437 7645608 782273 0 0 0 1624132 143551485 0 0 0 11354662 0 0 0 154906147
71 79767207 15317081 19218058 3275821 0 0 741041 36586930 137082725 8332799 7231427 727591 0 0 0 1531596 144184095 0 0 0 10722043 0 0 0 154906138
72 80827634 15436134 19522760 3279102 0 0 763423 35077068 137961242 7934841 6896048 681939 0 0 0 1432051 144751809 0 0 0 10154312 0 0 0 154906121
73 79877084 15446980 19775015 3322823 0 0 790838 35693367 137684960 8072444 6989824 692309 0 0 0 1466570 144613154 0 0 0 10292953 0 0 0 154906107
74 80464284 15423364 19723755 3285788 0 0 789673 35219234 137972428 7915888 6909302 681464 0 0 0 1427016 144741112 0 0 0 10164986 0 0 0 154906098
75 80052617 15418498 19608166 3275741 0 0 771720 35779345 137617425 8073759 7054902 700106 0 0 0 1459895 144474440 0 0 0 10431647 0 0 0 154906087
76 80503040 15556047 19743750 3300801 0 0 781451 35020990 138067766 7854948 6886948 686159 0 0 0 1410258 144782997 0 0 0 10123082 0 0 0 154906079
77 81704634 15540590 19738912 3260121 0 0 777159 33884644 138632845 7637912 6626244 650928 0 0 0 1358131 145189153 0 0 0 9716907 0 0 0 154906060
78 77287609 15145249 19219189 3233345 0 0 751071 39269590 135523847 9034872 7842615 804114 0 0 0 1700605 143417680 0 0 0 11488373 0 0 0 154906053
79 75360747 15416065 19487209 3428023 0 0 777237 40436759 134966410 9294192 8041965 829058 0 0 0 1774415 143053216 0 0 0 11852824 0 0 0 154906040
80 78577098 15821444 19991136 3448245 0 0 808028 36260079 137433037 8162725 7118298 707128 0 0 0 1484842 144470125 0 0 0 10435905 0 0 0 154906030
81 78542881 15921111 20320663 3474837 0 0 828931 35817601 137764846 8010409 6987256 693531 0 0 0 1449982 144601640 0 0 0 10304384 0 0 0 154906024
82 108561567 16222186 22567599 2755723 0 0 975419 3823526 154880283 2388 23333 4 0 0 0 12 154905706 0 0 0 314 0 0 0 154906020
83 86969934 13201556 17620090 2226433 0 0 611554 34276448 137738118 8040998 6976285 697299 0 0 0 1453315 144595350 0 0 0 10310665 0 0 0 154906015
84 83044389 14482810 19310065 2978759 0 0 754015 34335963 138201391 7825674 6801647 673053 0 0 0 1404236 144917373 0 0 0 9988628 0 0 0 154906001
85 85088831 13862510 17262795 2653101 0 0 573573 35465184 137009806 8379118 7254610 723554 0 0 0 1538906 144201720 0 0 0 10704274 0 0 0 154905994
86 80468955 15370192 19744619 3273298 0 0 776979 35271947 137891806 7954288 6939864 685074 0 0 0 1434958 144735641 0 0 0 10170349 0 0 0 154905990
87 80337069 15380690 19726674 3255916 0 0 772946 35432688 137779026 7999148 6984933 694558 0 0 0 1448318 144618679 0 0 0 10287304 0 0 0 154905983
88 79786816 15516452 19922001 3314290 0 0 786378 35580041 137758861 7992337 7010530 699150 0 0 0 1445100 144594803 0 0 0 10311175 0 0 0 154905978
89 78922183 15453321 19847764 3332084 0 0 776799 36573823 137112487 8324407 7215776 726000 0 0 0 1527304 144252800 0 0 0 10653174 0 0 0 154905974
90 79429694 15549333 20034907 3367489 0 0 794909 35729641 137625489 8086509 7022752 700535 0 0 0 1470688 144591287 0 0 0 10314686 0 0 0 154905973
91 78351329 15484654 19918482 3375087 0 0 789910 36986508 136903766 8432136 7287533 730750 0 0 0 1551785 144188718 0 0 0 10717252 0 0 0 154905970
92 76371463 15538866 19860802 3453608 0 0 797237 38883991 135937255 8828462 7709330 782294 0 0 0 1648626 143634975 0 0 0 11270992 0 0 0 154905967
93 78572124 15856333 20161200 3477694 0 0 808733 36029879 137596829 8086571 7057995 700247 0 0 0 1464321 144536263 0 0 0 10369700 0 0 0 154905963
94 109824854 16039581 21967220 2597377 0 0 917074 3559852 154885686 18818 1444 1 0 0 0 9 154905792 0 0 0 166 0 0 0 154905958
95 85386375 13327820 17605341 2286310 0 0 608549 35691555 136990034 8369805 7273543 735356 0 0 0 1537212 144106559 0 0 0 10799391 0 0 0 154905950
96 80170730 14507797 19037235 3043137 0 0 732978 37414069 136458679 8607328 7488946 756922 0 0 0 1594071 143853431 0 0 0 11052515 0 0 0 154905946
97 82963347 14033226 17315261 2772382 0 0 575085 37246642 136038968 8804854 7640612 772970 0 0 0 1648539 143711565 0 0 0 11194378 0 0 0 154905943
98 78110052 15550306 19866092 3400555 0 0 783459 37195477 136877674 8409057 7334597 736381 0 0 0 1548232 144120883 0 0 0 10785058 0 0 0 154905941
99 78737979 15678212 20127834 3408635 0 0 798479 36154798 137503729 8128286 7094899 704350 0 0 0 1474673 144460666 0 0 0 10445271 0 0 0 154905937
100 79726013 15724373 20277679 3384963 0 0 806494 34986413 138160270 7813677 6849307 680981 0 0 0 1401700 144865973 0 0 0 10039962 0 0 0 154905935
101 78501848 15518569 20012029 3353550 0 0 785967 36733969 137052164 8346869 7246712 729271 0 0 0 1530916 144224553 0 0 0 10681379 0 0 0 154905932
102 79056844 15584780 20112099 3387763 0 0 795661 35968784 137503084 8149000 7069477 704775 0 0 0 1479595 144538452 0 0 0 10367479 0 0 0 154905931
103 78846388 15500506 19961479 3356588 0 0 784998 36455970 137183608 8310188 7172799 717317 0 0 0 1522017 144375669 0 0 0 10530260 0 0 0 154905929
104 78496714 15625864 20086343 3398596 0 0 800982 36497426 137285409 8230139 7179811 713145 0 0 0 1497421 144382183 0 0 0 10523742 0 0 0 154905925
105 79216915 15669777 20035247 3364479 0 0 788092 35831407 137636246 8062051 7044300 701011 0 0 0 1462309 144540580 0 0 0 10365337 0 0 0 154905917
106 78447901 15645224 19943761 3372912 0 0 783201 36712912 137142490 8269384 7251978 728798 0 0 0 1513261 144232473 0 0 0 10673438 0 0 0 154905911
107 77395664 15661969 19957540 3423446 0 0 781533 37685757 136528953 8583405 7449034 755725 0 0 0 1588792 143904544 0 0 0 11001365 0 0 0 154905909
108 78173379 15750197 20143768 3455257 0 0 797537 36585769 137181661 8287662 7196269 723168 0 0 0 1517147 144383104 0 0 0 10522803 0 0 0 154905907
109 77309159 15669027 20144998 3454691 0 0 800098 37527933 136656413 8544607 7386292 739939 0 0 0 1578655 144061985 0 0 0 10843921 0 0 0 154905906
110 79157180 15839396 20501685 3460452 0 0 828444 35118745 138132683 7847228 6843136 674097 0 0 0 1408758 144916192 0 0 0 9989710 0 0 0 154905902
111 109624612 16005467 22193918 2602275 0 0 921361 3558266 154857874 46597 1425 0 0 0 0 3 154905247 0 0 0 652 0 0 0 154905899
112 119719489 12462676 18527311 1336739 0 0 690921 2168764 154856989 47479 1419 5 0 0 0 8 154905334 0 0 0 566 0 0 0 154905900
113 124490014 10458342 16701421 991010 0 0 593398 1671711 154859464 45109 1312 4 0 0 0 7 154905346 0 0 0 550 0 0 0 154905896
114 134655233 7135273 11886209 390883 0 0 316767 521527 154859485 45213 1187 2 0 0 0 5 154905262 0 0 0 630 0 0 0 154905892
115 136466327 6416670 10975078 331283 0 0 273481 443049 154858674 46010 1198 3 0 0 0 3 154905212 0 0 0 676 0 0 0 154905888
116 137894418 5884383 10205694 291389 0 0 241551 388449 154858279 46451 1138 5 0 0 0 11 154905253 0 0 0 631 0 0 0 154905884
117 138977505 5482692 9613209 265419 0 0 214512 352543 154857271 47674 923 0 0 0 0 12 154905246 0 0 0 634 0 0 0 154905880
118 140503207 4777291 9020571 171419 0 0 193305 240080 154903731 1365 777 0 0 0 0 0 154905873 0 0 0 0 0 0 0 154905873
119 141530350 4366746 8498249 139141 0 0 172007 199377 154903468 1632 770 0 0 0 0 0 154905869 0 0 0 1 0 0 0 154905870
