0 108830971 7381665 9607055 905144 0 0 155923 26333751 139338737 6223271 5976791 546761 0 0 0 1128949 145207006 0 0 0 8007503 0 0 0 153214509
1 100179976 9966525 12330635 1544234 0 0 283445 28909593 138244569 6708642 6422126 595771 0 0 0 1243300 144511831 0 0 0 8702577 0 0 0 153214408
2 95557539 11201398 13167478 1813753 0 0 322368 31151771 137097154 7210249 6888534 652767 0 0 0 1365603 143838419 0 0 0 9375888 0 0 0 153214307
3 90838527 12876971 15816602 2287529 0 0 484758 30909795 137704937 6952061 6621876 626182 0 0 0 1309126 144189940 0 0 0 9024242 0 0 0 153214182
4 90503802 13128625 16055144 2331432 0 0 508750 30686319 137898026 6868693 6546254 614716 0 0 0 1286383 144311962 0 0 0 8902110 0 0 0 153214072
5 90473251 13378237 16277326 2391846 0 0 529259 30164060 138253079 6709270 6402682 599979 0 0 0 1248969 144582146 0 0 0 8631833 0 0 0 153213979
6 88751849 13374041 16066683 2394081 0 0 518176 32109034 137182541 7170632 6855127 647900 0 0 0 1357664 143890574 0 0 0 9323290 0 0 0 153213864
7 87491028 13621428 16283187 2485246 0 0 532815 32800040 136830961 7317930 7004617 663442 0 0 0 1396794 143666493 0 0 0 9547251 0 0 0 153213744
8 86738217 13771703 16430329 2538282 0 0 545931 33189200 136636092 7406819 7078673 674239 0 0 0 1417839 143548070 0 0 0 9665592 0 0 0 153213662
9 85829576 14069852 16862379 2645343 0 0 574268 33232129 136639094 7416111 7059404 676417 0 0 0 1422521 143612487 0 0 0 9601060 0 0 0 153213547
10 85784891 14166649 17189437 2683430 0 0 599732 32789319 136936355 7301206 6927360 661682 0 0 0 1386855 143763502 0 0 0 9449956 0 0 0 153213458
11 86302694 14261520 17522934 2703483 0 0 613570 31809168 137521004 7036620 6696060 633792 0 0 0 1325893 144098447 0 0 0 9114922 0 0 0 153213369
12 83878521 14216987 17576622 2737086 0 0 622718 34181324 136226047 7589014 7242082 693359 0 0 0 1462756 143285279 0 0 0 9927979 0 0 0 153213258
13 82157892 14487829 17966094 2893877 0 0 647588 35059867 135801692 7769739 7416262 713838 0 0 0 1511616 143083909 0 0 0 10129238 0 0 0 153213147
14 81839085 14628753 18271693 2953168 0 0 669635 34850702 135947347 7712991 7350884 708049 0 0 0 1493765 143152706 0 0 0 10060330 0 0 0 153213036
15 80648167 14894838 18697593 3082562 0 0 699158 35190621 135782329 7792301 7404227 718954 0 0 0 1515128 143193993 0 0 0 10018946 0 0 0 153212939
16 81395790 15002307 19051191 3107852 0 0 727116 33928576 136566894 7456558 7079554 680907 0 0 0 1428919 143602378 0 0 0 9610454 0 0 0 153212832
17 79810165 14970773 18945627 3111755 0 0 714673 35659736 135550485 7884997 7507751 728534 0 0 0 1540962 142971021 0 0 0 10241708 0 0 0 153212729
18 79538444 15107815 19160509 3180845 0 0 736016 35489009 135769004 7795575 7420804 714962 0 0 0 1512293 143031575 0 0 0 10181063 0 0 0 153212638
19 79193724 15131498 19109977 3179135 0 0 728922 35869261 135517636 7895869 7524603 729494 0 0 0 1544915 142896407 0 0 0 10316110 0 0 0 153212517
20 79108302 15253512 19370805 3232078 0 0 755731 35491986 135796743 7775516 7418658 714034 0 0 0 1507463 143068239 0 0 0 10144175 0 0 0 153212414
21 78932552 15255564 19378125 3226938 0 0 752466 35666658 135638122 7848246 7465954 728209 0 0 0 1531772 143008722 0 0 0 10203581 0 0 0 153212303
22 78549906 15273470 19468445 3248956 0 0 761138 35910265 135517906 7913201 7505918 730847 0 0 0 1544308 142909739 0 0 0 10302441 0 0 0 153212180
23 78815487 15338028 19567844 3275144 0 0 760844 35454717 135775498 7784816 7414461 720486 0 0 0 1516803 143078328 0 0 0 10133736 0 0 0 153212064
24 78977770 15339840 19560060 3266546 0 0 765198 35302533 135919798 7712557 7371815 709712 0 0 0 1498065 143125130 0 0 0 10086817 0 0 0 153211947
25 78647731 15342350 19560545 3262460 0 0 762197 35636539 135749205 7792672 7438678 716540 0 0 0 1514727 143019454 0 0 0 10192368 0 0 0 153211822
26 77619021 15298026 19484960 3285563 0 0 765285 36758841 135085831 8084652 7701553 751693 0 0 0 1587967 142644790 0 0 0 10566906 0 0 0 153211696
27 78490401 15434454 19720853 3312233 0 0 775105 35478526 135798598 7783587 7396362 718113 0 0 0 1514912 143081236 0 0 0 10130336 0 0 0 153211572
28 78796608 15372859 19739987 3281102 0 0 778582 35242302 135934525 7726721 7344499 709745 0 0 0 1495950 143155314 0 0 0 10056126 0 0 0 153211440
29 77242547 15374198 19702821 3328854 0 0 772051 36790833 135071089 8087075 7704117 756367 0 0 0 1592656 142643573 0 0 0 10567731 0 0 0 153211304
30 75895002 15373485 19577385 3371436 0 0 769324 38224524 134296579 8419609 8024102 790874 0 0 0 1679992 142145384 0 0 0 11065772 0 0 0 153211156
31 108468401 15638082 22066507 2602053 0 0 911242 3524709 153187948 1842 21031 55 0 0 0 118 153210030 0 0 0 964 0 0 0 153210994
32 119420393 11868929 18035235 1208941 0 0 671602 2005759 153188577 1759 20339 64 0 0 0 120 153209976 0 0 0 883 0 0 0 153210859
33 123270445 10111736 16597903 939047 0 0 605161 1686390 153188063 1730 20699 73 0 0 0 117 153209789 0 0 0 893 0 0 0 153210682
34 134278895 6636638 11260505 312622 0 0 295116 426688 153188825 1627 19845 52 0 0 0 115 153209524 0 0 0 940 0 0 0 153210464
35 135910693 6022127 10404648 261427 0 0 252078 359265 153188410 1648 19983 73 0 0 0 124 153209309 0 0 0 929 0 0 0 153210238
36 137299976 5474871 9683714 222646 0 0 221929 306862 153188593 1562 19658 63 0 0 0 122 153209136 0 0 0 862 0 0 0 153209998
37 138405533 5057634 9083879 194934 0 0 196777 270959 153188468 1480 19593 56 0 0 0 119 153208798 0 0 0 918 0 0 0 153209716
38 139729876 4557483 8399087 141414 0 0 175320 206222 153205776 1441 1992 54 0 0 0 139 153208628 0 0 0 774 0 0 0 153209402
39 140681349 4189042 7886113 119708 0 0 155741 177118 153204007 1602 3283 60 0 0 0 119 153208257 0 0 0 814 0 0 0 153209071
40 104857845 7652196 9955575 954185 0 0 163188 29625712 137473315 7057290 6720056 636687 0 0 0 1321353 144138904 0 0 0 9069797 0 0 0 153208701
41 96914617 10438029 12943071 1696132 0 0 313974 30902468 137157107 7193555 6847046 651183 0 0 0 1359400 143919893 0 0 0 9288398 0 0 0 153208291
42 94032323 11581549 13647925 1923799 0 0 348672 31673576 136888794 7314765 6959336 660166 0 0 0 1384783 143739305 0 0 0 9468539 0 0 0 153207844
43 89719196 13248291 16392916 2405263 0 0 527220 30914507 137902789 6863466 6546174 612046 0 0 0 1282918 144345746 0 0 0 8861647 0 0 0 153207393
44 87390102 13345098 16275243 2430198 0 0 532412 33233882 136590917 7438908 7084403 673618 0 0 0 1419089 143561431 0 0 0 9645504 0 0 0 153206935
45 86058351 13638563 16505638 2525914 0 0 553080 33924841 136222988 7602872 7218873 697444 0 0 0 1464210 143375165 0 0 0 9831222 0 0 0 153206387
46 83553255 13741186 16412536 2593427 0 0 550619 36354766 134819495 8207203 7787074 767101 0 0 0 1624916 142521695 0 0 0 10684094 0 0 0 153205789
47 82556675 14205620 16997968 2768116 0 0 589683 36087078 135098828 8080475 7681735 751944 0 0 0 1592158 142691143 0 0 0 10513997 0 0 0 153205140
48 84085841 14400827 17321698 2785726 0 0 614208 33996257 136403666 7523006 7151058 686442 0 0 0 1440385 143456249 0 0 0 9748308 0 0 0 153204557
49 82605032 14469973 17492406 2815454 0 0 627673 35193414 135752558 7797875 7426193 713669 0 0 0 1513657 143030405 0 0 0 10173547 0 0 0 153203952
50 82108521 14520328 17720008 2853772 0 0 650240 35350504 135684511 7826774 7453295 718328 0 0 0 1520465 142957072 0 0 0 10246301 0 0 0 153203373
51 82745516 14611817 17914408 2878986 0 0 653212 34398842 136159147 7628808 7238034 700744 0 0 0 1476048 143299385 0 0 0 9903396 0 0 0 153202781
52 81234386 14638601 18210611 2934290 0 0 679653 35504704 135563812 7885702 7488836 727090 0 0 0 1536805 142902992 0 0 0 10299253 0 0 0 153202245
53 79040565 14801335 18510924 3067283 0 0 695914 37085674 134732926 8233740 7831479 772433 0 0 0 1631117 142436938 0 0 0 10764757 0 0 0 153201695
54 79360779 15032621 18901893 3164111 0 0 724176 36017599 135457835 7926511 7540670 732358 0 0 0 1543805 142874351 0 0 0 10326828 0 0 0 153201179
55 78650841 15166169 19158176 3222681 0 0 740191 36262652 135345297 7971552 7590361 735860 0 0 0 1557640 142817430 0 0 0 10383280 0 0 0 153200710
56 77796889 15261728 19379374 3276517 0 0 768287 36717442 135163507 8053815 7657183 748285 0 0 0 1577447 142697418 0 0 0 10502819 0 0 0 153200237
57 76691271 15276930 19393042 3302029 0 0 763947 37772573 134500816 8346289 7913021 780948 0 0 0 1658718 142268424 0 0 0 10931368 0 0 0 153199792
58 78258581 15458176 19793457 3343277 0 0 791972 35553913 135813173 7781716 7379536 716779 0 0 0 1508172 143030968 0 0 0 10168408 0 0 0 153199376
59 79079436 15439110 19817270 3291966 0 0 786457 34784734 136221965 7605624 7210607 697189 0 0 0 1463588 143320208 0 0 0 9878765 0 0 0 153198973
60 78864501 15344861 19785457 3266524 0 0 793522 35143692 136087033 7657190 7285061 698141 0 0 0 1471132 143217642 0 0 0 9980915 0 0 0 153198557
61 79143802 15332998 19627488 3260065 0 0 775839 35057962 136084311 7650631 7287179 700917 0 0 0 1475116 143304154 0 0 0 9894000 0 0 0 153198154
62 80421852 15292744 19652145 3206657 0 0 780708 33843632 136734845 7376611 7013270 667774 0 0 0 1405238 143648074 0 0 0 9549664 0 0 0 153197738
63 77598242 15143725 19359245 3214803 0 0 756892 37124386 134768615 8219733 7813080 769825 0 0 0 1626040 142474094 0 0 0 10723199 0 0 0 153197293
64 77033381 15328458 19649639 3342469 0 0 783938 37058935 134895620 8167823 7757792 764633 0 0 0 1610952 142552453 0 0 0 10644367 0 0 0 153196820
65 78457683 15460099 19799907 3328184 0 0 782722 35367756 135863012 7749428 7367720 712810 0 0 0 1503381 143082465 0 0 0 10113886 0 0 0 153196351
66 78867876 15501157 19984870 3322877 0 0 803541 34715514 136333591 7551266 7178444 686998 0 0 0 1445536 143362207 0 0 0 9833628 0 0 0 153195835
67 77847522 15377926 19793509 3306252 0 0 787172 36082904 135531013 7890362 7511102 727020 0 0 0 1535788 142939605 0 0 0 10255680 0 0 0 153195285
68 77250462 15318764 19678681 3316190 0 0 784389 36846263 135078773 8086234 7694872 748770 0 0 0 1586100 142656127 0 0 0 10538622 0 0 0 153194749
69 77214702 15433581 19742715 3360754 0 0 785691 36656714 135130208 8069905 7658002 752142 0 0 0 1583900 142766144 0 0 0 10428013 0 0 0 153194157
70 78656167 15526781 20032678 3342092 0 0 806947 34828912 136233245 7600966 7200021 696155 0 0 0 1463190 143294987 0 0 0 9898590 0 0 0 153193577
71 80689795 15507319 20136570 3270958 0 0 802409 32785922 137352938 7106671 6752837 641237 0 0 0 1339290 143982709 0 0 0 9210264 0 0 0 153192973
72 80083253 15218743 19743813 3169249 0 0 781342 34195989 136541688 7452054 7097417 677424 0 0 0 1423806 143418050 0 0 0 9774339 0 0 0 153192389
73 79131305 15184460 19544399 3196480 0 0 763802 35371293 135833165 7744870 7402716 709808 0 0 0 1501180 143045425 0 0 0 10146314 0 0 0 153191739
74 78440437 15157268 19404737 3225058 0 0 757762 36205879 135322667 7974096 7602881 737157 0 0 0 1554340 142818353 0 0 0 10372788 0 0 0 153191141
75 78196717 15327329 19691477 3291430 0 0 771729 35911911 135489241 7895599 7525792 732525 0 0 0 1547436 142947756 0 0 0 10242837 0 0 0 153190593
76 78097698 15360541 19808593 3299407 0 0 785485 35838411 135578146 7873985 7478735 726722 0 0 0 1532547 142946289 0 0 0 10243846 0 0 0 153190135
77 79591530 15483850 20049421 3301426 0 0 795692 33967765 136685150 7389118 7030831 673464 0 0 0 1411121 143587345 0 0 0 9602339 0 0 0 153189684
78 74903604 15064164 19368808 3281148 0 0 756638 39814875 133323550 8815995 8421785 839018 0 0 0 1788889 141618169 0 0 0 11571068 0 0 0 153189237
79 74622350 15487161 19884323 3493225 0 0 791902 38909866 133982803 8532313 8160562 805823 0 0 0 1707326 142042080 0 0 0 11146747 0 0 0 153188827
80 77057138 15655847 19984734 3446755 0 0 798111 36245872 135474996 7905263 7536319 731031 0 0 0 1540848 142876472 0 0 0 10311985 0 0 0 153188457
81 77352542 15721220 20362568 3455164 0 0 824010 35472622 135939065 7710111 7334212 710016 0 0 0 1494722 143268067 0 0 0 9920059 0 0 0 153188126
82 77628524 15491236 20127371 3360313 0 0 811298 35769070 135692662 7825005 7431539 722472 0 0 0 1516134 143045298 0 0 0 10142514 0 0 0 153187812
83 77004034 15402721 19836790 3339696 0 0 782363 36821926 135018936 8109073 7704653 757157 0 0 0 1597711 142649239 0 0 0 10538291 0 0 0 153187530
84 75980097 15388246 19720932 3375454 0 0 777858 37944704 134446886 8350907 7955825 779403 0 0 0 1654270 142280331 0 0 0 10906960 0 0 0 153187291
85 79442477 15699471 20236165 3375381 0 0 804428 33629142 136967106 7260214 6924351 658840 0 0 0 1376553 143745614 0 0 0 9441450 0 0 0 153187064
86 79639668 15407317 19945978 3248755 0 0 789025 34156104 136593291 7439089 7063148 674608 0 0 0 1416711 143536474 0 0 0 9650373 0 0 0 153186847
87 78842027 15353640 19963534 3262680 0 0 789968 34974821 136076610 7663774 7267497 703516 0 0 0 1475273 143249655 0 0 0 9937015 0 0 0 153186670
88 80894547 15242802 19795784 3182405 0 0 772083 33298913 136931256 7292298 6918471 663138 0 0 0 1381371 143746142 0 0 0 9440392 0 0 0 153186534
89 82490951 15253470 19864294 3132940 0 0 765969 31678748 137846199 6898387 6542290 615633 0 0 0 1283863 144335186 0 0 0 8851186 0 0 0 153186372
90 81792222 15082638 19612785 3084023 0 0 754993 32859563 137214662 7179569 6801013 644919 0 0 0 1346061 143918879 0 0 0 9267345 0 0 0 153186224
91 82506950 15042109 19569480 3058093 0 0 746876 32262580 137512018 7037526 6689428 631169 0 0 0 1315947 144082928 0 0 0 9103160 0 0 0 153186088
92 81745033 14889499 19244637 3026708 0 0 727838 33552241 136720218 7383917 7014471 667358 0 0 0 1399992 143620394 0 0 0 9565562 0 0 0 153185956
93 83150092 15074901 19577170 3070272 0 0 745587 31567810 137854212 6893999 6536237 617668 0 0 0 1283716 144372518 0 0 0 8813314 0 0 0 153185832
94 82602553 14845342 19279332 2987048 0 0 726691 32744740 137119393 7212692 6837217 653451 0 0 0 1362953 143867784 0 0 0 9317922 0 0 0 153185706
95 81216507 14955258 19370411 3076325 0 0 729573 33837507 136555892 7459300 7070441 678416 0 0 0 1421532 143576049 0 0 0 9609532 0 0 0 153185581
96 83335173 14940000 19385054 3012950 0 0 729081 31783206 137740048 6933009 6598856 620381 0 0 0 1293170 144188504 0 0 0 8996960 0 0 0 153185464
97 82723869 14854240 19244788 2971833 0 0 717594 32673024 137224016 7163872 6809309 642248 0 0 0 1345903 143898103 0 0 0 9287245 0 0 0 153185348
98 81095495 14837809 19195883 3022094 0 0 722839 34311105 136321035 7562376 7173563 687057 0 0 0 1441194 143363105 0 0 0 9822120 0 0 0 153185225
99 82570587 14960166 19289464 3037077 0 0 720953 32606867 137228413 7176434 6780849 647615 0 0 0 1351803 143983961 0 0 0 9201153 0 0 0 153185114
100 84512478 14935165 19364831 2971835 0 0 726638 30674064 138317346 6700713 6339045 594608 0 0 0 1233299 144596005 0 0 0 8589006 0 0 0 153185011
101 84200511 14814543 19244756 2933742 0 0 716088 31275250 137942641 6853038 6501335 613416 0 0 0 1274460 144404623 0 0 0 8780267 0 0 0 153184890
102 84854567 14669680 19043898 2879582 0 0 704864 31032208 138088929 6791816 6444544 603553 0 0 0 1255957 144457517 0 0 0 8727282 0 0 0 153184799
103 85088453 14635919 18818778 2846257 0 0 683158 31112131 137995041 6833428 6485992 606831 0 0 0 1263404 144396262 0 0 0 8788434 0 0 0 153184696
104 84328770 14552211 18774176 2845616 0 0 687483 31996333 137509606 7042992 6686655 631275 0 0 0 1314061 144111198 0 0 0 9073391 0 0 0 153184589
105 82970337 14593590 18759924 2897438 0 0 684212 33278991 136736789 7380964 6992329 670833 0 0 0 1403577 143725768 0 0 0 9458724 0 0 0 153184492
106 82088369 14720795 18879382 2976830 0 0 693454 33825551 136458111 7500871 7106728 685020 0 0 0 1433651 143508200 0 0 0 9676181 0 0 0 153184381
107 83053829 14867660 19139857 2991973 0 0 706431 32424520 137302338 7136651 6758955 643240 0 0 0 1343086 143985954 0 0 0 9198316 0 0 0 153184270
108 82905452 14826793 19111183 2974745 0 0 708520 32657466 137233272 7162688 6802571 642280 0 0 0 1343348 143915084 0 0 0 9269075 0 0 0 153184159
109 83517277 14900381 19188516 2982585 0 0 711015 31884296 137686666 6958958 6617634 621284 0 0 0 1299528 144210033 0 0 0 8974037 0 0 0 153184070
110 80365874 14622791 18716910 2959346 0 0 687195 35831865 135372005 7961865 7562965 736272 0 0 0 1550874 142823189 0 0 0 10360792 0 0 0 153183981
111 111244518 14897560 20722458 2345758 0 0 808694 3164879 153115065 65896 2894 9 0 0 0 3 153182841 0 0 0 1026 0 0 0 153183867
112 121663643 11348327 16664846 1130073 0 0 575639 1801256 153111284 69739 2746 5 0 0 0 10 153182713 0 0 0 1071 0 0 0 153183784
113 124388154 10004521 15659719 948310 0 0 537553 1645407 153112112 68980 2562 3 0 0 0 7 153182607 0 0 0 1057 0 0 0 153183664
114 134571459 6813468 10613657 401731 0 0 264173 519062 153112263 68874 2406 3 0 0 0 4 153182467 0 0 0 1083 0 0 0 153183550
115 136059872 6263448 9809567 360479 0 0 227260 462830 153110214 70901 2334 4 0 0 0 3 153182310 0 0 0 1146 0 0 0 153183456
116 137312193 5764551 9156346 327474 0 0 203611 419171 153109216 71833 2288 3 0 0 0 6 153182220 0 0 0 1126 0 0 0 153183346
117 138280878 5377757 8657888 298645 0 0 183694 384360 153110496 71129 1585 8 0 0 0 4 153182165 0 0 0 1057 0 0 0 153183222
118 139977698 4528026 8119896 165070 0 0 166057 226373 153180779 781 1560 0 0 0 0 0 153183116 0 0 0 4 0 0 0 153183120
119 140929961 4151221 7643192 130262 0 0 146783 181601 153179277 1193 2550 0 0 0 0 0 153183018 0 0 0 2 0 0 0 153183020
