0 88078000 6180120 8180164 771989 0 0 136907 22633976 114228688 5194908 5152093 464929 0 0 0 940538 119431464 0 0 0 6549692 0 0 0 125981156
1 77779675 8285619 10468778 1334587 0 0 240980 27871454 111619372 6325798 6233451 592422 0 0 0 1210050 117890292 0 0 0 8090801 0 0 0 125981093
2 73907377 9395860 11394594 1615694 0 0 289199 29378309 110892326 6631737 6532528 634826 0 0 0 1289616 117472333 0 0 0 8508700 0 0 0 125981033
3 68139507 10726022 13399178 2058523 0 0 417675 31240063 110259975 6907818 6784789 665610 0 0 0 1362776 117124238 0 0 0 8856730 0 0 0 125980968
4 67744109 11229086 14034808 2201255 0 0 465881 30305761 110930440 6636758 6496939 629731 0 0 0 1287032 117521314 0 0 0 8459586 0 0 0 125980900
5 68206985 11379152 14180064 2215202 0 0 479412 29520022 111436716 6430581 6277944 598558 0 0 0 1237038 117805015 0 0 0 8175822 0 0 0 125980837
6 68024036 11449036 14203368 2214616 0 0 485064 29604652 111427227 6430522 6288025 602038 0 0 0 1232960 117774840 0 0 0 8205932 0 0 0 125980772
7 68160133 11436888 14168858 2208352 0 0 485495 29520984 111453216 6410716 6289802 598691 0 0 0 1228285 117802133 0 0 0 8178577 0 0 0 125980710
8 66919858 11446138 14124919 2228336 0 0 485414 30775988 110713539 6723905 6591125 643704 0 0 0 1308380 117360267 0 0 0 8620386 0 0 0 125980653
9 65898375 11587744 14361763 2310641 0 0 503540 31318517 110443238 6849607 6692707 655354 0 0 0 1339674 117220387 0 0 0 8760193 0 0 0 125980580
10 65530326 11754770 14603844 2376711 0 0 518643 31196222 110540242 6813155 6645599 650271 0 0 0 1331249 117297646 0 0 0 8682870 0 0 0 125980516
11 64734861 11897827 14940532 2452111 0 0 539707 31415414 110490684 6847403 6653708 648360 0 0 0 1340297 117232658 0 0 0 8747794 0 0 0 125980452
12 64363219 12030230 15211630 2505035 0 0 560233 31310042 110609895 6793106 6612945 641960 0 0 0 1322483 117297136 0 0 0 8683253 0 0 0 125980389
13 63494966 12058066 15389378 2557010 0 0 573734 31907181 110308388 6909510 6748100 657518 0 0 0 1356819 117122869 0 0 0 8857466 0 0 0 125980335
14 61882461 12134410 15549293 2637034 0 0 590000 33187066 109591164 7202728 7049638 702807 0 0 0 1433927 116727981 0 0 0 9252283 0 0 0 125980264
15 61562595 12286215 15878526 2719570 0 0 615083 32918216 109790645 7122630 6964364 688847 0 0 0 1413719 116862461 0 0 0 9117744 0 0 0 125980205
16 61116754 12407382 16047130 2767954 0 0 625912 33015008 109745059 7162043 6957772 691467 0 0 0 1423799 116844660 0 0 0 9135480 0 0 0 125980140
17 60094973 12490354 16209505 2830538 0 0 639691 33715015 109430984 7309567 7077901 701443 0 0 0 1460181 116621481 0 0 0 9358595 0 0 0 125980076
18 60499160 12609589 16326666 2851626 0 0 649457 33043505 109837766 7134210 6919016 679102 0 0 0 1409909 116845116 0 0 0 9134887 0 0 0 125980003
19 61010920 12622783 16407365 2836133 0 0 654586 32448151 110196494 6962709 6789221 663893 0 0 0 1367621 117047486 0 0 0 8932452 0 0 0 125979938
20 60105073 12566345 16313530 2842527 0 0 654994 33497395 109559349 7217599 7064326 703216 0 0 0 1435374 116706415 0 0 0 9273449 0 0 0 125979864
21 60381246 12608767 16435427 2864736 0 0 662363 33027251 109837462 7109059 6936000 686934 0 0 0 1410335 116884209 0 0 0 9095581 0 0 0 125979790
22 60969407 12650205 16457125 2843403 0 0 661219 32398370 110175954 6976182 6785080 670009 0 0 0 1372504 117060698 0 0 0 8919031 0 0 0 125979729
23 60398012 12624198 16505192 2861111 0 0 662575 32928559 109913421 7105303 6883440 675072 0 0 0 1402411 116900446 0 0 0 9079201 0 0 0 125979647
24 60432984 12657006 16503554 2862446 0 0 659468 32864117 109950502 7082977 6870772 675638 0 0 0 1399686 116908122 0 0 0 9071453 0 0 0 125979575
25 60779343 12646972 16518250 2854076 0 0 663486 32517369 110158008 6974839 6810782 665345 0 0 0 1370522 117035505 0 0 0 8943991 0 0 0 125979496
26 60990712 12652600 16550552 2846163 0 0 666711 32272687 110281225 6906956 6774146 663248 0 0 0 1353850 117122810 0 0 0 8856615 0 0 0 125979425
27 60176904 12568777 16477393 2856196 0 0 663813 33236267 109723619 7156619 6982857 694937 0 0 0 1421318 116820600 0 0 0 9158750 0 0 0 125979350
28 59814664 12633054 16513192 2892047 0 0 664020 33462296 109582219 7234110 7025260 698744 0 0 0 1438940 116729505 0 0 0 9249768 0 0 0 125979273
29 60898214 12722822 16708652 2896785 0 0 671310 32081377 110421401 6884640 6678235 650391 0 0 0 1344493 117204624 0 0 0 8774536 0 0 0 125979160
30 60722456 12698707 16619898 2867814 0 0 666957 32403247 110245022 6948796 6763230 661279 0 0 0 1360752 117089490 0 0 0 8889589 0 0 0 125979079
31 88077537 13107861 18831105 2171382 0 0 798802 2992309 125954015 1809 23015 59 0 0 0 98 125978227 0 0 0 769 0 0 0 125978996
32 97686422 10005919 15056791 1007300 0 0 566207 1656248 125953873 1722 23137 59 0 0 0 96 125978118 0 0 0 769 0 0 0 125978887
33 101126023 8546500 13680965 771391 0 0 498588 1355301 125953366 1701 23559 47 0 0 0 95 125978063 0 0 0 705 0 0 0 125978768
34 109945313 5784439 9324839 289778 0 0 245786 388458 125954175 1649 22649 48 0 0 0 92 125977888 0 0 0 725 0 0 0 125978613
35 111335942 5239627 8622142 243212 0 0 211619 325931 125954788 1653 21876 55 0 0 0 101 125977742 0 0 0 731 0 0 0 125978473
36 112438005 4830952 8022180 214231 0 0 186068 286875 125954308 1623 22205 54 0 0 0 121 125977573 0 0 0 738 0 0 0 125978311
37 113456446 4421106 7499976 185626 0 0 166315 248655 125955205 1190 21580 39 0 0 0 110 125977426 0 0 0 698 0 0 0 125978124
38 114776508 3917145 6845815 120340 0 0 143855 174236 125974659 1251 1847 50 0 0 0 92 125977233 0 0 0 666 0 0 0 125977899
39 115642843 3563891 6396683 99175 0 0 128500 146586 125973735 1760 2052 40 0 0 0 91 125977023 0 0 0 655 0 0 0 125977678
40 83203327 6456474 8296633 855507 0 0 135621 27029856 111795550 6260876 6146677 586181 0 0 0 1188134 118062162 0 0 0 7915256 0 0 0 125977418
41 72954470 8778183 10906860 1532771 0 0 265610 31539241 109638197 7220457 6998300 689960 0 0 0 1430221 116814013 0 0 0 9163122 0 0 0 125977135
42 71275439 9908900 11850167 1807737 0 0 317218 30817380 110219123 6967752 6764134 660562 0 0 0 1365270 117144273 0 0 0 8832568 0 0 0 125976841
43 66910050 11208560 13998205 2222222 0 0 464696 31172770 110528685 6839740 6631814 646262 0 0 0 1330002 117239880 0 0 0 8736623 0 0 0 125976503
44 64681634 11464371 14268823 2330167 0 0 499350 32731777 109712999 7162648 6989615 693443 0 0 0 1417417 116801871 0 0 0 9174251 0 0 0 125976122
45 64633692 11625606 14392291 2379179 0 0 509183 32435770 109895999 7088473 6905628 682959 0 0 0 1402662 116898851 0 0 0 9076870 0 0 0 125975721
46 63678606 11726869 14363078 2417307 0 0 510903 33278550 109403416 7306970 7094682 709904 0 0 0 1460341 116627682 0 0 0 9347631 0 0 0 125975313
47 63247695 11926884 14685662 2498684 0 0 534614 33081397 109616731 7241534 6990667 690030 0 0 0 1435974 116712423 0 0 0 9262513 0 0 0 125974936
48 62169291 11989556 14708440 2531310 0 0 539089 34036826 109079755 7461749 7212071 720574 0 0 0 1500363 116387315 0 0 0 9587197 0 0 0 125974512
49 63220487 12222765 15135274 2594639 0 0 571093 32229821 110202716 6970427 6773241 662337 0 0 0 1365358 117009206 0 0 0 8964873 0 0 0 125974079
50 62941161 12165175 15117114 2566729 0 0 572864 32610621 109929886 7075789 6892906 681872 0 0 0 1393211 116861755 0 0 0 9111909 0 0 0 125973664
51 61696967 12211122 15388340 2646278 0 0 594811 33435773 109509800 7253477 7061052 704013 0 0 0 1444949 116629038 0 0 0 9344253 0 0 0 125973291
52 62196690 12324140 15616572 2686448 0 0 605742 32543364 110004667 7061677 6841041 677504 0 0 0 1388067 116931450 0 0 0 9041506 0 0 0 125972956
53 60699987 12334546 15760826 2742211 0 0 616447 33818605 109329000 7359766 7107777 705343 0 0 0 1470736 116512258 0 0 0 9460364 0 0 0 125972622
54 60540486 12534587 16143332 2830066 0 0 646212 33277604 109722053 7184873 6956752 686879 0 0 0 1421730 116712630 0 0 0 9259657 0 0 0 125972287
55 60444633 12551349 16238377 2836710 0 0 653179 33247715 109749174 7165189 6961106 682866 0 0 0 1413628 116718087 0 0 0 9253876 0 0 0 125971963
56 60274315 12641031 16447124 2876836 0 0 673779 33058583 109874464 7095219 6915110 686345 0 0 0 1400530 116797952 0 0 0 9173716 0 0 0 125971668
57 59972662 12604600 16450852 2878425 0 0 674198 33390629 109654513 7199886 6995858 695389 0 0 0 1425720 116683779 0 0 0 9287587 0 0 0 125971366
58 60313358 12712269 16572975 2900835 0 0 681043 32790594 110017270 7056635 6837374 674646 0 0 0 1385149 116917962 0 0 0 9053112 0 0 0 125971074
59 59798749 12664444 16533793 2906861 0 0 674930 33392046 109687172 7206614 6963128 686386 0 0 0 1427523 116716828 0 0 0 9253995 0 0 0 125970823
60 60293665 12775178 16654461 2923026 0 0 685142 32639106 110149522 7004451 6780491 664763 0 0 0 1371351 116982404 0 0 0 8988174 0 0 0 125970578
61 59978933 12678624 16520716 2891309 0 0 676385 33224359 109793315 7143343 6937170 684559 0 0 0 1411939 116777510 0 0 0 9192816 0 0 0 125970326
62 59903782 12737371 16615367 2927532 0 0 686387 33099596 109866192 7091233 6928204 686991 0 0 0 1397415 116857922 0 0 0 9112113 0 0 0 125970035
63 60899741 12735003 16697241 2891032 0 0 688958 32057758 110441350 6862591 6677277 654366 0 0 0 1334149 117179246 0 0 0 8790487 0 0 0 125969733
64 60387644 12687248 16592640 2882681 0 0 679814 32739410 110021309 7052237 6829211 677039 0 0 0 1389641 116962644 0 0 0 9006793 0 0 0 125969437
65 59262910 12645025 16548109 2923758 0 0 676475 33912836 109387937 7319229 7098772 701875 0 0 0 1461300 116582498 0 0 0 9386615 0 0 0 125969113
66 59671514 12751314 16606235 2940818 0 0 677689 33321208 109741694 7175703 6948541 684011 0 0 0 1418829 116780036 0 0 0 9188742 0 0 0 125968778
67 60343819 12787915 16729866 2929363 0 0 688802 32488679 110248187 6946373 6758275 660026 0 0 0 1355583 117053798 0 0 0 8914646 0 0 0 125968444
68 60103487 12749616 16702287 2918244 0 0 690481 32803994 110039719 7020945 6851907 677600 0 0 0 1377938 116974290 0 0 0 8993819 0 0 0 125968109
69 60208414 12701343 16693901 2913706 0 0 687815 32762557 110043251 7027016 6843469 674669 0 0 0 1379331 116985536 0 0 0 8982200 0 0 0 125967736
70 60141090 12692752 16607129 2903952 0 0 678345 32944053 109904454 7091125 6888254 683964 0 0 0 1399524 116924074 0 0 0 9043247 0 0 0 125967321
71 61562136 12800444 16848942 2894407 0 0 689916 31171043 110949420 6654976 6458181 621460 0 0 0 1282851 117467299 0 0 0 8499589 0 0 0 125966888
72 61741616 12694522 16649070 2832687 0 0 673967 31374602 110802916 6712193 6523224 629533 0 0 0 1298598 117407973 0 0 0 8558491 0 0 0 125966464
73 62064198 12652998 16669207 2816665 0 0 676957 31086062 110967575 6635387 6465118 622781 0 0 0 1275226 117495686 0 0 0 8470401 0 0 0 125966087
74 63024605 12572112 16509844 2745887 0 0 663650 30449581 111249278 6506939 6353544 614254 0 0 0 1241664 117639802 0 0 0 8325877 0 0 0 125965679
75 61697183 12434408 16349441 2749202 0 0 656099 32078945 110301280 6912989 6734283 662610 0 0 0 1354116 117115716 0 0 0 8849562 0 0 0 125965278
76 62257758 12568479 16509871 2785806 0 0 661085 31181898 110817058 6697690 6519871 635318 0 0 0 1294960 117413282 0 0 0 8551615 0 0 0 125964897
77 62298982 12515008 16436939 2760507 0 0 651408 31301715 110744309 6741090 6537220 632852 0 0 0 1309088 117356194 0 0 0 8608365 0 0 0 125964559
78 54880990 12208223 15728811 2943690 0 0 619948 39582603 106017869 8711909 8475032 889591 0 0 0 1869864 114905194 0 0 0 11059071 0 0 0 125964265
79 54244752 12691554 16391458 3232537 0 0 673230 38730451 106716200 8408076 8212673 847674 0 0 0 1779359 115280366 0 0 0 10683616 0 0 0 125963982
80 63153867 13446271 17651007 3117460 0 0 741568 27853549 112947852 5742720 5677074 528832 0 0 0 1067244 118662356 0 0 0 7301366 0 0 0 125963722
81 59994069 12798150 16978141 2898787 0 0 710570 32583784 110203529 6950846 6778947 666395 0 0 0 1363784 117036923 0 0 0 8926578 0 0 0 125963501
82 58903590 12739763 16908992 2969592 0 0 708858 33732481 109554800 7237339 7030247 700284 0 0 0 1440606 116702521 0 0 0 9260755 0 0 0 125963276
83 60798858 12544647 16353566 2827226 0 0 644560 32794232 109887358 7111447 6883834 678430 0 0 0 1402020 116867044 0 0 0 9096045 0 0 0 125963089
84 60074717 12731556 16612426 2898486 0 0 668831 32976911 109890379 7106208 6888412 678454 0 0 0 1399474 116861565 0 0 0 9101362 0 0 0 125962927
85 60541053 12759724 16743875 2902441 0 0 680506 32335189 110291450 6909223 6749644 657257 0 0 0 1355214 117090788 0 0 0 8872000 0 0 0 125962788
86 60136331 12666001 16553537 2877112 0 0 669694 33059957 109835725 7094947 6943569 686973 0 0 0 1401418 116835215 0 0 0 9127417 0 0 0 125962632
87 59802616 12653729 16613202 2900744 0 0 673091 33319131 109673704 7176724 6994002 692929 0 0 0 1425154 116755297 0 0 0 9207216 0 0 0 125962513
88 59357225 12659752 16549541 2909870 0 0 665732 33820284 109364966 7324460 7100598 709599 0 0 0 1462781 116572347 0 0 0 9390057 0 0 0 125962404
89 58981452 12728015 16709536 2970619 0 0 675441 33897257 109394560 7318186 7087203 703583 0 0 0 1458788 116611662 0 0 0 9350658 0 0 0 125962320
90 60116934 12848727 16884162 2963651 0 0 685636 32463129 110241038 6951785 6750528 658151 0 0 0 1360737 117074464 0 0 0 8887775 0 0 0 125962239
91 59669787 12725766 16755286 2926306 0 0 679311 33205671 109816224 7120906 6935665 682388 0 0 0 1406944 116814147 0 0 0 9147980 0 0 0 125962127
92 59732852 12733935 16775984 2934525 0 0 682229 33102524 109840639 7096613 6939258 685985 0 0 0 1399554 116854191 0 0 0 9107858 0 0 0 125962049
93 59822210 12659348 16665755 2902535 0 0 672557 33239569 109713884 7163432 6974038 690997 0 0 0 1419623 116779216 0 0 0 9182758 0 0 0 125961974
94 59427814 12722705 16688647 2925751 0 0 675012 33521975 109561455 7233152 7029496 698682 0 0 0 1439119 116696827 0 0 0 9265077 0 0 0 125961904
95 59141425 12717562 16704620 2951334 0 0 670541 33776342 109445224 7294756 7067661 699390 0 0 0 1454793 116633524 0 0 0 9328300 0 0 0 125961824
96 58602379 12747152 16659478 2972022 0 0 668820 34311901 109157524 7411848 7191035 716431 0 0 0 1484914 116455544 0 0 0 9506208 0 0 0 125961752
97 58893097 12789715 16771919 2985627 0 0 681293 33840019 109470294 7275107 7069346 699999 0 0 0 1446924 116615058 0 0 0 9346612 0 0 0 125961670
98 58683109 12770650 16726470 2978880 0 0 680410 34122090 109271438 7334671 7172818 717423 0 0 0 1465259 116528645 0 0 0 9432964 0 0 0 125961609
99 58664980 12779818 16826120 2992232 0 0 686068 34012317 109345784 7319553 7119575 713409 0 0 0 1463214 116562790 0 0 0 9398745 0 0 0 125961535
100 59859319 12855890 16922355 2966882 0 0 685611 32671404 110082783 7014260 6811446 673242 0 0 0 1379730 116994483 0 0 0 8966978 0 0 0 125961461
101 59311685 12742364 16777888 2939939 0 0 674493 33515027 109604587 7237620 6990846 691272 0 0 0 1437071 116710589 0 0 0 9250807 0 0 0 125961396
102 59936009 12806977 16861081 2939895 0 0 678288 32739073 110076614 7027171 6809905 668748 0 0 0 1378885 116977259 0 0 0 8984064 0 0 0 125961323
103 59317684 12657017 16605135 2910690 0 0 662810 33807923 109409694 7286508 7108127 704104 0 0 0 1452826 116594527 0 0 0 9366732 0 0 0 125961259
104 59505512 12751117 16775092 2936828 0 0 675519 33317126 109709849 7159106 6979207 694433 0 0 0 1418599 116763191 0 0 0 9198003 0 0 0 125961194
105 59763160 12697273 16733754 2916949 0 0 669923 33180076 109744080 7147376 6963476 691492 0 0 0 1414711 116799156 0 0 0 9161979 0 0 0 125961135
106 59803710 12757983 16812816 2924521 0 0 674909 32987125 109878336 7101816 6896528 682335 0 0 0 1402049 116873355 0 0 0 9087709 0 0 0 125961064
107 59581460 12702604 16754438 2922202 0 0 666801 33333505 109685942 7191456 6969193 688705 0 0 0 1425714 116745727 0 0 0 9215283 0 0 0 125961010
108 59946706 12754951 16774825 2918926 0 0 664675 32900864 109948601 7084682 6859596 676343 0 0 0 1391725 116897717 0 0 0 9063230 0 0 0 125960947
109 60694592 12735788 16793303 2887618 0 0 668518 32181064 110356792 6890957 6711190 655119 0 0 0 1346825 117138276 0 0 0 8822607 0 0 0 125960883
110 59997664 12647762 16633308 2868021 0 0 661496 33152568 109756021 7124156 6977639 693062 0 0 0 1409941 116788356 0 0 0 9172463 0 0 0 125960819
111 88074436 13103918 18898785 2149670 0 0 791985 2941952 125935361 23103 2280 1 0 0 0 1 125960455 0 0 0 291 0 0 0 125960746
112 97477396 10103854 15163135 1002635 0 0 559824 1653845 125934960 23679 2046 2 0 0 0 2 125960412 0 0 0 277 0 0 0 125960689
113 100716059 8724321 13866670 775885 0 0 499157 1378536 125936204 22684 1729 7 0 0 0 4 125960396 0 0 0 232 0 0 0 125960628
114 109761387 5904271 9388302 282024 0 0 244304 380274 125934701 24118 1737 0 0 0 0 6 125960295 0 0 0 267 0 0 0 125960562
115 111219838 5323486 8652756 236242 0 0 210856 317322 125935334 23432 1732 1 0 0 0 1 125960201 0 0 0 299 0 0 0 125960500
116 112405779 4875239 8021009 200483 0 0 185233 272689 125935462 23146 1821 1 0 0 0 2 125960184 0 0 0 248 0 0 0 125960432
117 113394187 4468738 7519526 173999 0 0 166992 236925 125936475 22352 1533 1 0 0 0 6 125960134 0 0 0 233 0 0 0 125960367
118 114453236 4015789 7038464 125975 0 0 148347 178496 125958035 762 1510 0 0 0 0 0 125960303 0 0 0 4 0 0 0 125960307
119 115293487 3677102 6603748 104281 0 0 131735 149891 125957458 1329 1456 1 0 0 0 0 125960239 0 0 0 5 0 0 0 125960244
