0 117244788 3165498 4105036 311219 0 0 40252 13434801 131787549 3035455 2825386 136225 0 0 0 516979 134149948 0 0 0 4151646 0 0 0 138301594
1 112582556 4647559 5695036 509586 0 0 106612 14760154 131211076 3295185 3075836 149598 0 0 0 569808 133788304 0 0 0 4513199 0 0 0 138301503
2 110615338 5279091 6221507 575538 0 0 126352 15483579 130859362 3452789 3226880 160028 0 0 0 602346 133573348 0 0 0 4728057 0 0 0 138301405
3 109015755 6097054 7672895 674899 0 0 193476 14647220 131413061 3189824 3000119 146842 0 0 0 551453 133916917 0 0 0 4384382 0 0 0 138301299
4 108618719 6203969 7815387 680880 0 0 200642 14781601 131361442 3214594 3023541 148153 0 0 0 553468 133882530 0 0 0 4418668 0 0 0 138301198
5 108117825 6338100 7965525 694588 0 0 206463 14978596 131284146 3253509 3053326 148639 0 0 0 561477 133815079 0 0 0 4486018 0 0 0 138301097
6 108072173 6378140 7931036 697654 0 0 205909 15016105 131239152 3282408 3062277 149523 0 0 0 567657 133789348 0 0 0 4511669 0 0 0 138301017
7 108600650 6391392 7970503 694146 0 0 209789 14434452 131534456 3147910 2935790 142053 0 0 0 540723 133986147 0 0 0 4314785 0 0 0 138300932
8 107970059 6438137 8039084 702286 0 0 213031 14938228 131269381 3269254 3047052 149903 0 0 0 565235 133850946 0 0 0 4449879 0 0 0 138300825
9 107537149 6544807 8195638 721194 0 0 218718 15083231 131225908 3283439 3074784 150817 0 0 0 565789 133823089 0 0 0 4477648 0 0 0 138300737
10 125236614 5005619 6949768 378841 0 0 215821 513992 138285754 14192 617 23 0 0 0 69 138299911 0 0 0 744 0 0 0 138300655
11 110615190 5273928 6815273 503181 0 0 141296 14951695 131183483 3297137 3098188 151229 0 0 0 570526 133756050 0 0 0 4544513 0 0 0 138300563
12 107795414 6230087 8127078 695962 0 0 212560 15239373 131126701 3339213 3104885 151727 0 0 0 577948 133736297 0 0 0 4564177 0 0 0 138300474
13 109354791 5898220 7122041 634363 0 0 164943 15126035 131095359 3351033 3121495 152146 0 0 0 580360 133730942 0 0 0 4569451 0 0 0 138300393
14 106836539 6676495 8690595 755340 0 0 240177 15101124 131218324 3295851 3064218 152030 0 0 0 569847 133831656 0 0 0 4468614 0 0 0 138300270
15 106436784 6756418 8872172 766205 0 0 247492 15221110 131181623 3306078 3091302 151785 0 0 0 569393 133818400 0 0 0 4481781 0 0 0 138300181
16 100920981 7220708 9284773 886506 0 0 253454 19733662 128941254 4334685 4034799 206425 0 0 0 782921 132481887 0 0 0 5818197 0 0 0 138300084
17 104564794 7379065 9593764 884038 0 0 286304 15592022 131070418 3357405 3139686 153139 0 0 0 579339 133734528 0 0 0 4565459 0 0 0 138299987
18 105885966 7118067 9281713 810565 0 0 268300 14935266 131343322 3244376 3009853 145295 0 0 0 557031 133909182 0 0 0 4390695 0 0 0 138299877
19 105374066 7209664 9620184 823957 0 0 286647 14985260 131347667 3241461 3008392 146000 0 0 0 556258 133906297 0 0 0 4393481 0 0 0 138299778
20 106263519 6964678 9166787 784529 0 0 264513 14855649 131354914 3237390 3004592 147668 0 0 0 555111 133932646 0 0 0 4367029 0 0 0 138299675
21 107051343 6877782 9026208 763698 0 0 258472 14322056 131635253 3095159 2898667 141071 0 0 0 529409 134100392 0 0 0 4199167 0 0 0 138299559
22 104448149 7020895 9116601 808526 0 0 254501 16650780 130478166 3624556 3394022 169280 0 0 0 633428 133368012 0 0 0 4931440 0 0 0 138299452
23 106463679 7058563 9237873 803433 0 0 268707 14467102 131590637 3116530 2919746 140257 0 0 0 532187 134068790 0 0 0 4230567 0 0 0 138299357
24 100348308 7352084 9376327 897534 0 0 256843 20068159 128762939 4434305 4090140 208227 0 0 0 803644 132368924 0 0 0 5930331 0 0 0 138299255
25 103706850 7612911 9968800 920327 0 0 307021 15783234 130972728 3416447 3163577 155177 0 0 0 591214 133682856 0 0 0 4616287 0 0 0 138299143
26 122951833 5679548 8361702 440664 0 0 273439 591847 138291616 620 6732 15 0 0 0 50 138298547 0 0 0 486 0 0 0 138299033
27 107830671 6009746 8321163 595871 0 0 207338 15334128 131054428 3364954 3143240 155788 0 0 0 580507 133703073 0 0 0 4595844 0 0 0 138298917
28 106239246 6649883 9018669 761832 0 0 253952 15375229 131112087 3334800 3123983 154075 0 0 0 573866 133751228 0 0 0 4547583 0 0 0 138298811
29 108858290 6180902 7773724 665790 0 0 192616 14627363 131391023 3209318 3002372 145350 0 0 0 550622 133926503 0 0 0 4372182 0 0 0 138298685
30 100949630 7285145 9450068 896616 0 0 260281 19456843 129095518 4285079 3950268 199547 0 0 0 768171 132594382 0 0 0 5704201 0 0 0 138298583
31 122182114 5907309 8751968 500526 0 0 294083 662440 138290865 615 6889 17 0 0 0 54 138297988 0 0 0 452 0 0 0 138298440
32 127465324 3867097 6324701 175307 0 0 168355 297503 138290828 520 6872 16 0 0 0 51 138297818 0 0 0 469 0 0 0 138298287
33 128090347 3418079 6154257 162881 0 0 164539 308036 138290806 574 6681 15 0 0 0 63 138297683 0 0 0 456 0 0 0 138298139
34 132728373 1904049 3523321 33761 0 0 60642 47771 138290717 523 6603 19 0 0 0 55 138297423 0 0 0 494 0 0 0 138297917
35 133327818 1668163 3187448 26762 0 0 49317 38200 138290479 563 6595 18 0 0 0 53 138297288 0 0 0 420 0 0 0 138297708
36 133772375 1486392 2940810 22768 0 0 42755 32372 138289906 553 6938 12 0 0 0 63 138296996 0 0 0 476 0 0 0 138297472
37 134182318 1340041 2690349 19630 0 0 36722 28110 138289387 528 7185 14 0 0 0 56 138296733 0 0 0 437 0 0 0 138297170
38 134599956 1188598 2443519 13043 0 0 31477 20251 138295785 522 475 16 0 0 0 46 138296424 0 0 0 420 0 0 0 138296844
39 134920836 1071645 2248873 10739 0 0 27283 17100 138295376 503 537 13 0 0 0 47 138296048 0 0 0 428 0 0 0 138296476
40 113141894 3603694 4478401 363194 0 0 41567 16667346 130183946 3774154 3500553 175211 0 0 0 662232 133037794 0 0 0 5258302 0 0 0 138296096
41 108616074 5263402 6371143 600647 0 0 127720 17316704 129981713 3875638 3577478 180062 0 0 0 680799 132922275 0 0 0 5373415 0 0 0 138295690
42 107266010 5872863 6903733 666747 0 0 150724 17435205 129935110 3908374 3583138 179856 0 0 0 688804 132912134 0 0 0 5383148 0 0 0 138295282
43 104440984 6873336 8663821 803378 0 0 234056 17279267 130153780 3810307 3485725 175581 0 0 0 669449 133049243 0 0 0 5245599 0 0 0 138294842
44 124308855 5288504 7402210 435353 0 0 238337 621110 138272175 17074 4282 178 0 0 0 660 138288134 0 0 0 6235 0 0 0 138294369
45 107394741 5586274 7061239 554015 0 0 144726 17552811 129890618 3908330 3622239 184257 0 0 0 688362 132879408 0 0 0 5414398 0 0 0 138293806
46 102161789 6841210 8533624 820636 0 0 223636 19712335 128940374 4343949 4020966 206572 0 0 0 781369 132352734 0 0 0 5940496 0 0 0 138293230
47 106141891 6502506 7392069 740112 0 0 177793 17338231 130040730 3835281 3563989 176777 0 0 0 675825 133011560 0 0 0 5281042 0 0 0 138292602
48 123783465 5577785 7595413 457931 0 0 246700 630713 138277979 13399 566 9 0 0 0 54 138291354 0 0 0 653 0 0 0 138292007
49 107106047 5810846 7428655 581001 0 0 162913 17201968 130081232 3827552 3533823 175876 0 0 0 672947 133028467 0 0 0 5262963 0 0 0 138291430
50 104950003 6713104 8590502 782045 0 0 236470 17018691 130267016 3735004 3461355 172930 0 0 0 654510 133193300 0 0 0 5097515 0 0 0 138290815
51 108007455 6194925 7293699 680788 0 0 175228 15938156 130708857 3523461 3280584 163967 0 0 0 613382 133463579 0 0 0 4826672 0 0 0 138290251
52 103572720 7131297 9084662 839212 0 0 255173 17406581 130112977 3795097 3536059 177544 0 0 0 667968 133089107 0 0 0 5200538 0 0 0 138289645
53 104333813 7214349 9337212 851720 0 0 270370 16281629 130707223 3527382 3280998 160570 0 0 0 612920 133477597 0 0 0 4811496 0 0 0 138289093
54 104016830 7210090 9341017 850173 0 0 268392 16602044 130524753 3620184 3346698 165912 0 0 0 630999 133370345 0 0 0 4918201 0 0 0 138288546
55 104034551 7295786 9547828 862792 0 0 282090 16264986 130703758 3539879 3271128 160925 0 0 0 612343 133513050 0 0 0 4774983 0 0 0 138288033
56 122992504 5628924 8329492 448682 0 0 276296 611639 138280092 498 6881 17 0 0 0 49 138287161 0 0 0 376 0 0 0 138287537
57 107702591 5836343 7827077 580852 0 0 180049 16160117 130604616 3571354 3325065 165008 0 0 0 620986 133415621 0 0 0 4871408 0 0 0 138287029
58 105403750 6762652 9014000 787303 0 0 254361 16064491 130767916 3489597 3263422 160567 0 0 0 605055 133527627 0 0 0 4758930 0 0 0 138286557
59 107113298 6382101 7802370 713866 0 0 192632 16081825 130665732 3540473 3302103 162752 0 0 0 615032 133476814 0 0 0 4809278 0 0 0 138286092
60 104472373 7175147 9373838 842383 0 0 271192 16150729 130748252 3518794 3250268 159654 0 0 0 608694 133530929 0 0 0 4754733 0 0 0 138285662
61 104890548 7175655 9399648 838812 0 0 273765 15706769 130969909 3414913 3156331 154529 0 0 0 589515 133682372 0 0 0 4602825 0 0 0 138285197
62 100518831 7469702 9642187 924768 0 0 277038 19452199 129086705 4286578 3942725 202274 0 0 0 766443 132594078 0 0 0 5690647 0 0 0 138284725
63 103545306 7557508 9891469 916201 0 0 303875 16069858 130826215 3464232 3234088 158868 0 0 0 600814 133591171 0 0 0 4693046 0 0 0 138284217
64 122681252 5753211 8498331 454318 0 0 282968 613641 138282916 341 438 2 0 0 0 24 138283558 0 0 0 163 0 0 0 138283721
65 107769827 5986995 8241535 594457 0 0 200780 15489614 130976898 3399369 3168589 153878 0 0 0 584474 133641819 0 0 0 4641389 0 0 0 138283208
66 105511385 6741357 9061644 775325 0 0 255203 15937747 130810649 3483840 3226390 157713 0 0 0 604069 133535216 0 0 0 4747445 0 0 0 138282661
67 108438666 6280981 7773736 681462 0 0 194022 14913242 131211492 3300019 3053647 149197 0 0 0 567754 133818097 0 0 0 4464012 0 0 0 138282109
68 105028276 7032843 9198156 807696 0 0 263047 15951485 130804222 3488401 3224603 160519 0 0 0 603758 133565941 0 0 0 4715562 0 0 0 138281503
69 105119117 7117325 9347150 821261 0 0 272108 15603978 131009090 3382544 3151606 155450 0 0 0 582249 133696808 0 0 0 4584131 0 0 0 138280939
70 123382228 5476241 8156960 425605 0 0 265588 573702 138273057 361 6891 5 0 0 0 10 138280201 0 0 0 123 0 0 0 138280324
71 107273811 5815691 7826711 581177 0 0 176560 16605797 130378787 3677764 3413485 169023 0 0 0 640688 133251885 0 0 0 5027862 0 0 0 138279747
72 106033085 6691477 9012449 775965 0 0 254636 15511540 131024327 3386707 3129143 153177 0 0 0 585798 133676313 0 0 0 4602839 0 0 0 138279152
73 107167585 6313979 7819147 694577 0 0 191346 16091890 130615380 3576894 3301171 163016 0 0 0 622063 133409163 0 0 0 4869361 0 0 0 138278524
74 104153102 7195316 9463260 840078 0 0 274475 16351717 130618683 3573334 3298801 164636 0 0 0 622494 133413153 0 0 0 4864795 0 0 0 138277948
75 104514675 7177471 9395764 832463 0 0 273782 16083230 130767426 3491448 3251707 161762 0 0 0 605042 133512201 0 0 0 4765184 0 0 0 138277385
76 104597034 7219187 9470525 832542 0 0 278650 15878974 130874326 3445559 3204701 158132 0 0 0 594194 133571132 0 0 0 4705780 0 0 0 138276912
77 104045782 7263148 9495651 841787 0 0 275506 16354598 130646451 3553217 3298071 162330 0 0 0 616403 133429196 0 0 0 4847276 0 0 0 138276472
78 98186528 7682958 9809533 971926 0 0 278397 21346722 128131435 4722571 4335548 223906 0 0 0 862604 131958369 0 0 0 6317695 0 0 0 138276064
79 97064371 8153240 10357015 1074510 0 0 315520 21311002 128199781 4689745 4307453 222373 0 0 0 856306 132004801 0 0 0 6270857 0 0 0 138275658
80 101910496 8037568 10378297 992414 0 0 330572 16625931 130553883 3601837 3325264 165852 0 0 0 628442 133394708 0 0 0 4880570 0 0 0 138275278
81 102615831 7862153 10398982 936907 0 0 331921 16129116 130828725 3466183 3221342 159208 0 0 0 599452 133550894 0 0 0 4724016 0 0 0 138274910
82 103362315 7672974 10256434 900935 0 0 322394 15759532 130996397 3386245 3153174 154930 0 0 0 583838 133663118 0 0 0 4611466 0 0 0 138274584
83 103736383 7447126 9762141 866085 0 0 291888 16170659 130750764 3498782 3257948 160443 0 0 0 606345 133493024 0 0 0 4781258 0 0 0 138274282
84 104135381 7396664 9729948 863801 0 0 290715 15857537 130892247 3445810 3187268 155317 0 0 0 593404 133626900 0 0 0 4647146 0 0 0 138274046
85 103530486 7401154 9718950 862926 0 0 287363 16472958 130577939 3601454 3306178 163071 0 0 0 625195 133423988 0 0 0 4849849 0 0 0 138273837
86 122236551 5855259 8782597 468737 0 0 296756 633715 138265921 368 7307 2 0 0 0 17 138273493 0 0 0 122 0 0 0 138273615
87 106794536 6011484 8159399 602381 0 0 192991 16512676 130411818 3656919 3398417 170278 0 0 0 636035 133293854 0 0 0 4979613 0 0 0 138273467
88 104116559 6974952 9460125 826701 0 0 274166 16620811 130495419 3612364 3367095 167683 0 0 0 630753 133360765 0 0 0 4912549 0 0 0 138273314
89 106053086 6609844 8274731 743365 0 0 211936 16380209 130514128 3609256 3356000 165488 0 0 0 628299 133358849 0 0 0 4914322 0 0 0 138273171
90 103001339 7424666 9846618 886621 0 0 293065 16820760 130413084 3675710 3378171 166684 0 0 0 639420 133315974 0 0 0 4957095 0 0 0 138273069
91 104322269 7379717 9864236 870703 0 0 296918 15539099 131054327 3372632 3113006 152995 0 0 0 579982 133719001 0 0 0 4553941 0 0 0 138272942
92 102844996 7410431 9829568 880174 0 0 292647 17015021 130293162 3723901 3432959 172643 0 0 0 650172 133254402 0 0 0 5018435 0 0 0 138272837
93 103411638 7476976 9937564 889636 0 0 300630 16256276 130705641 3519421 3274285 161993 0 0 0 611380 133504708 0 0 0 4768012 0 0 0 138272720
94 104743514 7313056 9700918 850207 0 0 289818 15375097 131131435 3323035 3094655 152353 0 0 0 571132 133772256 0 0 0 4500354 0 0 0 138272610
95 104122908 7342128 9761148 856718 0 0 288406 15901189 130886929 3438529 3197619 156130 0 0 0 593290 133615443 0 0 0 4657054 0 0 0 138272497
96 103453954 7386413 9727366 867635 0 0 286716 16550311 130534123 3613502 3331972 164250 0 0 0 628548 133384098 0 0 0 4888297 0 0 0 138272395
97 103953680 7384930 9657795 863818 0 0 285554 16126523 130739908 3516912 3247300 159335 0 0 0 608845 133521532 0 0 0 4750768 0 0 0 138272300
98 103955983 7378376 9664423 859965 0 0 286114 16127332 130730102 3521472 3248586 161522 0 0 0 610511 133526891 0 0 0 4745302 0 0 0 138272193
99 104021519 7381562 9726092 861747 0 0 290244 15990913 130827133 3465875 3219415 159804 0 0 0 599850 133595725 0 0 0 4676352 0 0 0 138272077
100 104435305 7326590 9670369 850740 0 0 288300 15700670 130969853 3399810 3161718 156288 0 0 0 584305 133677466 0 0 0 4594508 0 0 0 138271974
101 104124844 7333296 9688445 858086 0 0 285770 15981434 130836061 3459452 3219530 157779 0 0 0 599053 133593741 0 0 0 4678134 0 0 0 138271875
102 122583580 5734639 8611986 448435 0 0 284766 608359 138271160 289 311 1 0 0 0 4 138271745 0 0 0 20 0 0 0 138271765
103 108276785 5840366 7989847 573015 0 0 187313 15404342 130949537 3420067 3158235 154946 0 0 0 588883 133646783 0 0 0 4624885 0 0 0 138271668
104 104131425 6851077 9235919 808547 0 0 260024 16984579 130262642 3731342 3449831 173209 0 0 0 654547 133242082 0 0 0 5029489 0 0 0 138271571
105 105805225 6593035 8201917 747628 0 0 207899 16715778 130325395 3691053 3437371 171497 0 0 0 646166 133254080 0 0 0 5017402 0 0 0 138271482
106 98160990 7702782 9906147 986402 0 0 282086 21232952 128192888 4674021 4327008 224568 0 0 0 852874 132015949 0 0 0 6255410 0 0 0 138271359
107 102290964 7887546 10367461 983662 0 0 324425 16417220 130679851 3528893 3285829 163154 0 0 0 613551 133488407 0 0 0 4782871 0 0 0 138271278
108 103118968 7598467 9994475 903179 0 0 300648 16355454 130652894 3558934 3281444 161389 0 0 0 616530 133475539 0 0 0 4795652 0 0 0 138271191
109 121056346 6266630 9345651 529740 0 0 322095 750635 138254715 15903 455 5 0 0 0 19 138270607 0 0 0 490 0 0 0 138271097
110 109139201 5823571 7990843 562239 0 0 192732 14562430 131372433 3221156 2981371 146673 0 0 0 549383 133910444 0 0 0 4360572 0 0 0 138271016
111 124194560 5068769 7836304 386779 0 0 249201 535316 138256939 13679 309 1 0 0 0 1 138270689 0 0 0 240 0 0 0 138270929
112 130885475 2785879 4325136 81076 0 0 86958 106296 138255978 14550 287 0 0 0 0 5 138270543 0 0 0 277 0 0 0 138270820
113 129343290 3088532 5324014 140308 0 0 128453 246138 138256341 14105 282 0 0 0 0 7 138270451 0 0 0 284 0 0 0 138270735
114 132804024 1951057 3347384 49456 0 0 54840 63895 138254772 15608 271 1 0 0 0 4 138270367 0 0 0 289 0 0 0 138270656
115 133346220 1732431 3047114 42687 0 0 47066 55036 138255080 15202 262 1 0 0 0 9 138270259 0 0 0 295 0 0 0 138270554
116 133763148 1547269 2828730 39423 0 0 41614 50269 138254465 15745 240 1 0 0 0 2 138270169 0 0 0 284 0 0 0 138270453
117 134091803 1400491 2662311 34579 0 0 37249 43915 138256529 13594 222 1 0 0 0 2 138270089 0 0 0 259 0 0 0 138270348
118 134512860 1178159 2505462 16725 0 0 33868 23175 138269909 172 168 0 0 0 0 0 138270248 0 0 0 1 0 0 0 138270249
119 134787113 1082854 2339529 12871 0 0 29478 18313 138269726 201 231 0 0 0 0 0 138270158 0 0 0 0 0 0 0 138270158
