0 44102296 3299539 4594428 462933 0 0 82612 13859030 59066193 3234428 3178169 305981 0 0 0 616067 62459702 0 0 0 3941136 0 0 0 66400838
1 39639680 4437249 5922122 785810 0 0 155690 15460237 58334862 3558084 3467854 340932 0 0 0 699056 62047841 0 0 0 4352947 0 0 0 66400788
2 39022779 4955379 6352939 899936 0 0 181268 14988425 58702800 3393823 3325852 320688 0 0 0 657563 62234458 0 0 0 4166268 0 0 0 66400726
3 36184935 5609041 7443555 1116933 0 0 259302 15786913 58490720 3489474 3409068 331094 0 0 0 680323 62111127 0 0 0 4289552 0 0 0 66400679
4 35967177 5772032 7624217 1164643 0 0 276793 15595774 58661243 3415261 3341051 324376 0 0 0 658705 62214222 0 0 0 4186414 0 0 0 66400636
5 35767453 5778709 7552593 1167099 0 0 274687 15860031 58459337 3512328 3407423 336229 0 0 0 685255 62128147 0 0 0 4272425 0 0 0 66400572
6 36240013 5869917 7646218 1174180 0 0 283467 15186722 58861593 3339674 3244061 314070 0 0 0 641119 62339805 0 0 0 4060712 0 0 0 66400517
7 35963018 5839073 7579687 1165246 0 0 279062 15574384 58629678 3443979 3335226 324320 0 0 0 667267 62216767 0 0 0 4183703 0 0 0 66400470
8 35261702 5900800 7643775 1193042 0 0 284619 16116469 58375290 3542133 3454480 336730 0 0 0 691774 62047944 0 0 0 4352463 0 0 0 66400407
9 34482896 5931205 7693487 1229706 0 0 289712 16773346 58000324 3704951 3606199 355296 0 0 0 733582 61837822 0 0 0 4562530 0 0 0 66400352
10 34735174 6065907 7939360 1278765 0 0 307689 16073411 58448033 3512403 3422166 334456 0 0 0 683248 62093583 0 0 0 4306723 0 0 0 66400306
11 34019406 6074766 8019361 1302937 0 0 315265 16668510 58075750 3673637 3564310 356643 0 0 0 729905 61916355 0 0 0 4483890 0 0 0 66400245
12 33526131 6164513 8225508 1352136 0 0 331260 16800649 58053148 3689250 3571864 355937 0 0 0 729998 61885773 0 0 0 4514424 0 0 0 66400197
13 33154833 6188661 8293960 1379912 0 0 336886 17045884 57907074 3754610 3626346 363554 0 0 0 748552 61819762 0 0 0 4580374 0 0 0 66400136
14 32145714 6255873 8418526 1433633 0 0 347657 17798675 57550857 3896340 3786178 380071 0 0 0 786632 61605359 0 0 0 4794719 0 0 0 66400078
15 32366596 6360621 8663542 1478452 0 0 367201 17163617 57951899 3728627 3621308 359265 0 0 0 738930 61819771 0 0 0 4580258 0 0 0 66400029
16 31647276 6365960 8643353 1492813 0 0 366626 17883958 57550634 3897721 3783284 383006 0 0 0 785341 61604976 0 0 0 4795010 0 0 0 66399986
17 30949949 6420435 8751422 1549712 0 0 378559 18349857 57272359 4027181 3881722 396539 0 0 0 822133 61484429 0 0 0 4915505 0 0 0 66399934
18 31524870 6510150 8853267 1555980 0 0 383989 17571615 57733375 3824397 3701378 373545 0 0 0 767176 61714522 0 0 0 4685349 0 0 0 66399871
19 31207430 6499335 8857509 1555549 0 0 387326 17892663 57543865 3914537 3769591 381718 0 0 0 790101 61623194 0 0 0 4776618 0 0 0 66399812
20 30838085 6525331 8884995 1578581 0 0 391811 18180951 57442031 3944262 3828841 385735 0 0 0 798885 61548460 0 0 0 4851294 0 0 0 66399754
21 31708354 6559591 9007264 1567233 0 0 397996 17159259 58021736 3701258 3590535 356907 0 0 0 729261 61862003 0 0 0 4537694 0 0 0 66399697
22 31988271 6534578 8991685 1543645 0 0 394483 16946978 58137230 3647952 3545891 350798 0 0 0 717769 61936800 0 0 0 4462840 0 0 0 66399640
23 31184544 6465369 8908046 1552451 0 0 390835 17898329 57543181 3910855 3776708 383208 0 0 0 785622 61644502 0 0 0 4755072 0 0 0 66399574
24 31513605 6516802 8947519 1558154 0 0 391300 17472138 57799596 3800924 3669773 368672 0 0 0 760553 61754850 0 0 0 4644668 0 0 0 66399518
25 32162293 6524446 9000095 1538971 0 0 395211 16778456 58186431 3639663 3510562 348295 0 0 0 714521 61975740 0 0 0 4423732 0 0 0 66399472
26 31503217 6499039 8933519 1537734 0 0 391671 17534232 57787821 3799556 3686679 367809 0 0 0 757547 61730338 0 0 0 4669074 0 0 0 66399412
27 31409140 6490430 8973089 1556977 0 0 395276 17574447 57775708 3804419 3691643 368946 0 0 0 758643 61729296 0 0 0 4670063 0 0 0 66399359
28 31694357 6513064 8981155 1550616 0 0 391351 17268755 57945965 3733182 3624924 359122 0 0 0 736105 61822327 0 0 0 4576971 0 0 0 66399298
29 31976057 6524634 9072759 1546131 0 0 399706 16879952 58142871 3660130 3524006 351595 0 0 0 720637 61932790 0 0 0 4466449 0 0 0 66399239
30 31085771 6458395 8903836 1547790 0 0 389064 18014317 57487929 3935638 3794078 387053 0 0 0 794475 61583528 0 0 0 4815645 0 0 0 66399173
31 45910233 6798169 10376971 1192430 0 0 488453 1632852 66389753 986 8282 27 0 0 0 60 66398646 0 0 0 462 0 0 0 66399108
32 51139946 5176530 8317155 535247 0 0 342188 887976 66389832 892 8226 37 0 0 0 55 66398609 0 0 0 433 0 0 0 66399042
33 52798253 4435459 7689531 413881 0 0 308718 753128 66389972 935 7964 30 0 0 0 69 66398520 0 0 0 450 0 0 0 66398970
34 57775544 2904355 5232514 140919 0 0 152516 193037 66390058 884 7817 39 0 0 0 87 66398424 0 0 0 461 0 0 0 66398885
35 58556868 2610992 4823411 116733 0 0 131133 159642 66389372 923 8375 31 0 0 0 78 66398326 0 0 0 453 0 0 0 66398779
36 59172781 2390025 4485715 98590 0 0 115101 136436 66389680 841 8017 42 0 0 0 68 66398184 0 0 0 464 0 0 0 66398648
37 59702306 2193618 4195190 85941 0 0 102185 119273 66388875 822 8710 44 0 0 0 62 66398073 0 0 0 440 0 0 0 66398513
38 60273853 1989353 3888888 63904 0 0 89146 93201 66396524 682 1016 30 0 0 0 93 66397887 0 0 0 458 0 0 0 66398345
39 60734737 1813767 3636906 53364 0 0 80564 78812 66396101 881 1074 30 0 0 0 64 66397779 0 0 0 371 0 0 0 66398150
40 41941266 3391993 4588620 493390 0 0 79284 15903407 57967095 3720362 3618495 359519 0 0 0 732489 61831038 0 0 0 4566922 0 0 0 66397960
41 37741406 4636860 6086126 870245 0 0 168438 16894687 57568678 3906074 3757434 381077 0 0 0 784499 61631760 0 0 0 4766002 0 0 0 66397762
42 36757262 5172634 6494689 1000274 0 0 192725 16779959 57704838 3848606 3701610 373854 0 0 0 768635 61709375 0 0 0 4688168 0 0 0 66397543
43 33523569 5877425 7695515 1264322 0 0 288347 17748130 57447511 3959635 3799321 387986 0 0 0 802855 61561450 0 0 0 4835858 0 0 0 66397308
44 33992157 6052273 7901335 1307702 0 0 308514 16835103 58063669 3686705 3569161 352710 0 0 0 724839 61883856 0 0 0 4513228 0 0 0 66397084
45 34359820 6052182 7863435 1285072 0 0 308317 16528012 58226082 3612226 3504541 345763 0 0 0 708226 61965871 0 0 0 4430967 0 0 0 66396838
46 33435804 6051750 7828331 1301256 0 0 305652 17473813 57692951 3834867 3726917 373932 0 0 0 767939 61670657 0 0 0 4725949 0 0 0 66396606
47 32938544 6089896 7840339 1338135 0 0 309439 17879972 57413257 3966361 3824326 390022 0 0 0 802359 61550670 0 0 0 4845655 0 0 0 66396325
48 33035801 6191569 7957176 1364536 0 0 318332 17528618 57641332 3870094 3729692 377824 0 0 0 777090 61658151 0 0 0 4737881 0 0 0 66396032
49 31722594 6212415 8008436 1405918 0 0 325388 18721010 56970551 4159159 3997382 411499 0 0 0 857170 61303055 0 0 0 5092706 0 0 0 66395761
50 32308271 6396449 8325749 1465099 0 0 351634 17548307 57751893 3815335 3699289 368458 0 0 0 760534 61703324 0 0 0 4692185 0 0 0 66395509
51 32862911 6378447 8415211 1446655 0 0 356797 16935237 58086328 3672962 3561150 350842 0 0 0 723976 61897946 0 0 0 4497312 0 0 0 66395258
52 32071173 6368787 8534043 1471534 0 0 366468 17583019 57745714 3815400 3702443 370487 0 0 0 760980 61702327 0 0 0 4692697 0 0 0 66395024
53 31345734 6344504 8542276 1505140 0 0 368493 18288641 57285784 4022394 3870130 398062 0 0 0 818418 61480337 0 0 0 4914451 0 0 0 66394788
54 31361545 6442287 8716191 1542912 0 0 380343 17951289 57508434 3926461 3781116 384576 0 0 0 793980 61584508 0 0 0 4810059 0 0 0 66394567
55 30926394 6478671 8816984 1574214 0 0 391164 18206931 57387187 3984823 3825083 390218 0 0 0 807047 61511335 0 0 0 4883023 0 0 0 66394358
56 31112811 6582518 8995511 1601108 0 0 406224 17695982 57754853 3813887 3694660 369400 0 0 0 761354 61696910 0 0 0 4697244 0 0 0 66394154
57 31685733 6578189 9052723 1580303 0 0 409725 17087303 58090329 3675787 3554892 351568 0 0 0 721400 61889254 0 0 0 4504722 0 0 0 66393976
58 31350918 6535092 8992058 1576449 0 0 403763 17535494 57829221 3779172 3671475 365704 0 0 0 748202 61762197 0 0 0 4631577 0 0 0 66393774
59 31221265 6516041 8974801 1579544 0 0 403689 17698256 57683310 3848070 3715394 376354 0 0 0 770468 61690617 0 0 0 4702979 0 0 0 66393596
60 30781501 6511013 8905135 1586635 0 0 398322 18210790 57387048 3977539 3834383 389712 0 0 0 804714 61523398 0 0 0 4869998 0 0 0 66393396
61 31096006 6592659 9054008 1610238 0 0 410180 17630127 57746168 3825916 3684884 371168 0 0 0 765082 61720756 0 0 0 4672462 0 0 0 66393218
62 31427362 6605923 9067093 1597367 0 0 409739 17285532 57979111 3714857 3607726 356643 0 0 0 734679 61853423 0 0 0 4539593 0 0 0 66393016
63 31844242 6595394 9141865 1582487 0 0 415873 16812977 58247840 3606758 3493916 342983 0 0 0 701341 61988267 0 0 0 4404571 0 0 0 66392838
64 31937384 6529416 9041623 1548162 0 0 404773 16931276 58157940 3639588 3533153 349095 0 0 0 712858 61928546 0 0 0 4464088 0 0 0 66392634
65 30991793 6447362 8901852 1554232 0 0 395863 18101323 57424130 3962033 3818376 388939 0 0 0 798947 61545408 0 0 0 4847017 0 0 0 66392425
66 31079659 6536557 8984906 1593503 0 0 400497 17797082 57631186 3869388 3740490 376927 0 0 0 774213 61676464 0 0 0 4715740 0 0 0 66392204
67 30303236 6503509 8902077 1603280 0 0 397930 18681936 57096808 4097905 3948963 406327 0 0 0 841965 61382516 0 0 0 5009452 0 0 0 66391968
68 30836893 6664195 9173537 1648192 0 0 418644 17650273 57803489 3793893 3675084 365325 0 0 0 753943 61751329 0 0 0 4640405 0 0 0 66391734
69 30463535 6566139 9024570 1621510 0 0 406656 18309073 57391337 3965886 3843435 388346 0 0 0 802479 61528268 0 0 0 4863215 0 0 0 66391483
70 30763528 6650651 9202384 1650722 0 0 420906 17703040 57781096 3795958 3688502 368353 0 0 0 757322 61728738 0 0 0 4662493 0 0 0 66391231
71 31640323 6614114 9169248 1594950 0 0 416077 16956248 58121060 3667060 3531864 351244 0 0 0 719732 61922381 0 0 0 4468579 0 0 0 66390960
72 31488640 6575454 9117286 1574039 0 0 411129 17224119 57975190 3725002 3593812 359913 0 0 0 736750 61838108 0 0 0 4552559 0 0 0 66390667
73 31834518 6550615 9085129 1558763 0 0 408412 16952949 58103288 3676492 3537546 352257 0 0 0 720803 61917746 0 0 0 4472640 0 0 0 66390386
74 31865166 6515977 8981964 1536452 0 0 397776 17092819 58025348 3695141 3585169 355215 0 0 0 729281 61857097 0 0 0 4533057 0 0 0 66390154
75 31221930 6487021 8955487 1553503 0 0 396477 17775490 57641438 3862413 3737258 374963 0 0 0 773836 61639837 0 0 0 4750071 0 0 0 66389908
76 31917061 6568696 9093110 1567563 0 0 403175 16840080 58199867 3620554 3517161 345602 0 0 0 706501 61946054 0 0 0 4443631 0 0 0 66389685
77 31983962 6514352 9034693 1538026 0 0 400214 16918203 58100315 3669111 3543128 353714 0 0 0 723182 61904998 0 0 0 4484452 0 0 0 66389450
78 30758501 6471645 8933209 1596132 0 0 395382 18234362 57368032 3976604 3847427 392151 0 0 0 805017 61586719 0 0 0 4802512 0 0 0 66389231
79 30755088 6520595 8985328 1627251 0 0 399037 18101735 57443621 3945432 3816843 386265 0 0 0 796873 61631289 0 0 0 4757745 0 0 0 66389034
80 31135936 6593183 9056674 1604239 0 0 402389 17596422 57780697 3792754 3690426 368499 0 0 0 756467 61738019 0 0 0 4650824 0 0 0 66388843
81 30259648 6536239 9036368 1616103 0 0 403116 18537174 57246832 4029035 3898037 396024 0 0 0 818720 61423384 0 0 0 4965264 0 0 0 66388648
82 30421313 6607677 9125152 1642220 0 0 410560 18181558 57476219 3931289 3804275 386030 0 0 0 790667 61546523 0 0 0 4841957 0 0 0 66388480
83 31093500 6615556 9159030 1615969 0 0 411036 17493254 57810352 3798391 3653733 369319 0 0 0 756550 61757228 0 0 0 4631117 0 0 0 66388345
84 30668785 6587199 9093235 1616276 0 0 407064 18015655 57527006 3912464 3777644 382954 0 0 0 788146 61602878 0 0 0 4785336 0 0 0 66388214
85 30805769 6588540 9102945 1620464 0 0 408027 17862364 57604128 3879946 3744569 378808 0 0 0 780658 61653141 0 0 0 4734968 0 0 0 66388109
86 30964795 6585447 9051322 1601385 0 0 401529 17783545 57668188 3847803 3727569 373164 0 0 0 771299 61663513 0 0 0 4724510 0 0 0 66388023
87 30710862 6569466 9076920 1611289 0 0 404348 18015067 57540282 3900787 3780853 381781 0 0 0 784249 61589629 0 0 0 4798323 0 0 0 66387952
88 30599351 6572172 9076512 1618925 0 0 402430 18118496 57492974 3920291 3800756 385063 0 0 0 788802 61549513 0 0 0 4838373 0 0 0 66387886
89 30871761 6593033 9137448 1616277 0 0 407413 17761889 57656569 3866205 3717149 375710 0 0 0 772188 61665923 0 0 0 4721898 0 0 0 66387821
90 31681568 6634867 9224661 1598806 0 0 411245 16836608 58196939 3631304 3500639 347328 0 0 0 711545 61959787 0 0 0 4427968 0 0 0 66387755
91 31599595 6550401 9113257 1560825 0 0 403847 17159771 57976700 3725846 3588118 358882 0 0 0 738150 61837874 0 0 0 4549822 0 0 0 66387696
92 30818559 6504362 8979208 1567650 0 0 393793 18124063 57448788 3938163 3819980 384598 0 0 0 796106 61533942 0 0 0 4853693 0 0 0 66387635
93 31041645 6538017 9046379 1589706 0 0 397711 17774124 57653319 3851758 3735953 374023 0 0 0 772529 61638711 0 0 0 4748871 0 0 0 66387582
94 31014919 6560427 9069257 1594749 0 0 397856 17750314 57664206 3850319 3729760 375407 0 0 0 767830 61655284 0 0 0 4732238 0 0 0 66387522
95 31061672 6582124 9152068 1603399 0 0 406408 17581805 57750989 3823244 3680232 371383 0 0 0 761628 61710953 0 0 0 4676523 0 0 0 66387476
96 30046611 6506766 8959808 1607137 0 0 392927 18874171 56985484 4147665 3987923 414103 0 0 0 852245 61305334 0 0 0 5082086 0 0 0 66387420
97 31232439 6650357 9242836 1631567 0 0 413553 17216602 57981829 3725428 3584927 358621 0 0 0 736549 61851701 0 0 0 4535653 0 0 0 66387354
98 31366782 6575252 9084821 1574778 0 0 399513 17386152 57881313 3761495 3636410 362823 0 0 0 745257 61771514 0 0 0 4615784 0 0 0 66387298
99 30024294 6518042 9030024 1611651 0 0 399105 18804124 57083137 4097488 3962661 405320 0 0 0 838634 61328072 0 0 0 5059168 0 0 0 66387240
100 30576526 6583913 9091445 1627029 0 0 400063 18108206 57483933 3924781 3805077 384081 0 0 0 789310 61558349 0 0 0 4828833 0 0 0 66387182
101 29942118 6544461 9000360 1628979 0 0 395328 18875878 56994371 4141913 3984852 412645 0 0 0 853343 61311981 0 0 0 5075143 0 0 0 66387124
102 29812733 6644794 9161046 1680523 0 0 409687 18678277 57167549 4063865 3920084 403347 0 0 0 832215 61403352 0 0 0 4983708 0 0 0 66387060
103 31367861 6705152 9305371 1639938 0 0 416404 16952282 58145274 3656362 3518272 349641 0 0 0 717459 61944719 0 0 0 4442289 0 0 0 66387008
104 30563078 6581372 9085930 1602164 0 0 401125 18153297 57471488 3931632 3806372 384031 0 0 0 793443 61555035 0 0 0 4831931 0 0 0 66386966
105 31429796 6633046 9264968 1610508 0 0 411613 17036985 58125608 3655094 3540062 349111 0 0 0 717041 61913559 0 0 0 4473357 0 0 0 66386916
106 30994017 6490526 8966299 1559176 0 0 385139 17991701 57510896 3915566 3791045 383847 0 0 0 785504 61579048 0 0 0 4807810 0 0 0 66386858
107 31187795 6583686 9181831 1604744 0 0 404541 17424201 57846494 3784656 3636271 367389 0 0 0 751988 61785313 0 0 0 4601485 0 0 0 66386798
108 31324721 6533761 9041302 1565081 0 0 390746 17531138 57748182 3824004 3682710 370122 0 0 0 761731 61731161 0 0 0 4655588 0 0 0 66386749
109 30379169 6516805 9012646 1598516 0 0 393109 18486443 57207261 4058546 3892297 400888 0 0 0 827696 61433582 0 0 0 4953106 0 0 0 66386688
110 30818501 6591646 9102054 1610339 0 0 397318 17866784 57618658 3867916 3746285 377020 0 0 0 776763 61639470 0 0 0 4747172 0 0 0 66386642
111 45601107 6917535 10508979 1213200 0 0 486603 1659163 66373497 11962 1122 6 0 0 0 0 66386459 0 0 0 128 0 0 0 66386587
112 50429300 5380684 8653676 584390 0 0 359659 978815 66373890 11542 1086 1 0 0 0 5 66386366 0 0 0 158 0 0 0 66386524
113 52570719 4529653 7788144 425968 0 0 309585 762408 66374377 11033 1059 3 0 0 0 5 66386344 0 0 0 133 0 0 0 66386477
114 57449171 3045246 5367107 156646 0 0 156853 211399 66373271 12163 980 4 0 0 0 4 66386257 0 0 0 165 0 0 0 66386422
115 58252390 2753781 4941225 128958 0 0 134370 175634 66373934 11453 962 4 0 0 0 5 66386207 0 0 0 151 0 0 0 66386358
116 58879299 2532180 4594494 111111 0 0 117786 151445 66374189 11211 908 1 0 0 0 6 66386166 0 0 0 149 0 0 0 66386315
117 59408005 2328214 4312606 98457 0 0 105590 133396 66373378 12113 767 3 0 0 0 7 66386105 0 0 0 163 0 0 0 66386268
118 60009240 2069894 4040516 70684 0 0 95150 100722 66385073 423 710 0 0 0 0 0 66386203 0 0 0 3 0 0 0 66386206
119 60501023 1882878 3776565 57787 0 0 84620 83283 66384770 562 824 0 0 0 0 0 66386156 0 0 0 0 0 0 0 66386156
