0 88029585 2412082 2974350 262909 0 0 31748 9378789 98219035 2161368 2178826 179827 0 0 0 350407 100342109 0 0 0 2747354 0 0 0 103089463
1 85873139 3235566 4017019 372244 0 0 76999 9514435 98203500 2168733 2187491 179616 0 0 0 350062 100357266 0 0 0 2732136 0 0 0 103089402
2 85189178 3558030 4246848 396288 0 0 84816 9614196 98169568 2171941 2212565 183407 0 0 0 351875 100331471 0 0 0 2757885 0 0 0 103089356
3 82726980 4181169 5342222 478006 0 0 128773 10232155 97918152 2280400 2325100 194459 0 0 0 371194 100192951 0 0 0 2896354 0 0 0 103089305
4 82595435 4320163 5434427 486112 0 0 132521 10120600 97987645 2251884 2293031 191163 0 0 0 365535 100228005 0 0 0 2861253 0 0 0 103089258
5 83161727 4312662 5425886 479050 0 0 135674 9574214 98279855 2135868 2150768 177366 0 0 0 345356 100408642 0 0 0 2680571 0 0 0 103089213
6 84302508 4241836 5337962 458079 0 0 134726 8614050 98776409 1917786 1932958 157450 0 0 0 304558 100683754 0 0 0 2405407 0 0 0 103089161
7 83620062 4220385 5317108 459481 0 0 132261 9339818 98388433 2093677 2099788 171818 0 0 0 335399 100452837 0 0 0 2636278 0 0 0 103089115
8 82862332 4323115 5397168 482066 0 0 134288 9890101 98100395 2204588 2241352 186480 0 0 0 356255 100303886 0 0 0 2785184 0 0 0 103089070
9 83345459 4307724 5389926 479933 0 0 136261 9429720 98348052 2095455 2132889 175962 0 0 0 336665 100460366 0 0 0 2628657 0 0 0 103089023
10 83211600 4365315 5471930 478080 0 0 137748 9424303 98359019 2090135 2128172 176700 0 0 0 334950 100455004 0 0 0 2633972 0 0 0 103088976
11 82555139 4425334 5643910 491241 0 0 143886 9829415 98146261 2195718 2210321 181725 0 0 0 354900 100346837 0 0 0 2742088 0 0 0 103088925
12 82598504 4449196 5710268 491941 0 0 146925 9692042 98221284 2166177 2173475 179704 0 0 0 348236 100368154 0 0 0 2720722 0 0 0 103088876
13 83094692 4398673 5764010 489387 0 0 152354 9189708 98482613 2048738 2060760 168559 0 0 0 328154 100531037 0 0 0 2557787 0 0 0 103088824
14 82018962 4492603 5897197 504450 0 0 154198 10021357 98050374 2228199 2262598 188598 0 0 0 358998 100276335 0 0 0 2812432 0 0 0 103088767
15 81196162 4606735 6077077 527116 0 0 160970 10520669 97794531 2341073 2374481 198369 0 0 0 380275 100143589 0 0 0 2945140 0 0 0 103088729
16 81208921 4705008 6124378 539077 0 0 161738 10349556 97891192 2294241 2334638 195377 0 0 0 373230 100204736 0 0 0 2883942 0 0 0 103088678
17 93219114 3680184 5327289 303108 0 0 161591 397344 103056595 30809 1178 24 0 0 0 24 103087697 0 0 0 933 0 0 0 103088630
18 83623820 3865448 5157161 388310 0 0 111380 9942459 98024232 2248705 2264398 187665 0 0 0 363578 100261199 0 0 0 2827379 0 0 0 103088578
19 83121427 4274858 5862062 469943 0 0 155527 9204715 98481377 2055967 2054095 169331 0 0 0 327762 100492714 0 0 0 2595818 0 0 0 103088532
20 83180000 4092415 5041696 449675 0 0 113555 10211137 97880194 2301504 2339316 194787 0 0 0 372677 100180132 0 0 0 2908346 0 0 0 103088478
21 82207435 4577511 6066667 517092 0 0 162915 9556803 98308907 2116478 2144591 178546 0 0 0 339901 100413045 0 0 0 2675378 0 0 0 103088423
22 82290354 4541869 5953733 503801 0 0 155655 9642958 98260349 2132992 2172108 179667 0 0 0 343254 100394513 0 0 0 2693857 0 0 0 103088370
23 81937554 4611741 6102015 518623 0 0 162782 9755611 98198931 2169241 2189530 179715 0 0 0 350909 100373388 0 0 0 2714938 0 0 0 103088326
24 81264105 4656443 6094967 527384 0 0 160080 10385287 97866324 2320464 2330043 193396 0 0 0 378039 100178786 0 0 0 2909480 0 0 0 103088266
25 81822711 4631404 6156087 524113 0 0 167146 9786742 98182580 2184541 2187970 180347 0 0 0 352765 100344751 0 0 0 2743452 0 0 0 103088203
26 80477339 4732680 6218097 540523 0 0 164727 10954793 97565987 2442240 2472483 207344 0 0 0 400105 99996933 0 0 0 3091226 0 0 0 103088159
27 80838497 4800001 6369231 549963 0 0 176626 10353787 97907167 2291393 2324008 194581 0 0 0 370956 100198118 0 0 0 2889987 0 0 0 103088105
28 81374897 4764842 6221811 533548 0 0 167608 10025337 98076687 2221072 2245896 188388 0 0 0 356000 100294928 0 0 0 2793115 0 0 0 103088043
29 81991995 4731455 6260643 528572 0 0 171969 9403357 98400083 2083632 2097501 172718 0 0 0 334057 100489736 0 0 0 2598255 0 0 0 103087991
30 81156971 4721920 6187270 534056 0 0 165364 10322356 97908952 2299513 2313590 191139 0 0 0 374743 100220263 0 0 0 2867674 0 0 0 103087937
31 93471796 3468379 5378422 257145 0 0 165634 346484 103079382 593 7837 18 0 0 0 30 103087571 0 0 0 289 0 0 0 103087860
32 96404123 2343618 3969556 102573 0 0 96793 171111 103079379 563 7773 13 0 0 0 46 103087485 0 0 0 289 0 0 0 103087774
33 97077662 1990344 3689623 87439 0 0 87180 155436 103079393 549 7684 25 0 0 0 33 103087342 0 0 0 342 0 0 0 103087684
34 99475498 1233422 2277896 28026 0 0 35546 37195 103079017 535 7975 19 0 0 0 37 103087276 0 0 0 307 0 0 0 103087583
35 99830298 1081803 2088696 24273 0 0 30346 32058 103079038 518 7856 21 0 0 0 41 103087169 0 0 0 305 0 0 0 103087474
36 100089960 978718 1941381 22007 0 0 26491 28746 103078949 493 7817 17 0 0 0 27 103087000 0 0 0 303 0 0 0 103087303
37 100330451 868235 1821218 18763 0 0 23762 24707 103079531 437 7116 19 0 0 0 33 103086815 0 0 0 321 0 0 0 103087136
38 100639027 758740 1646059 8888 0 0 20146 14064 103085841 365 671 19 0 0 0 28 103086682 0 0 0 242 0 0 0 103086924
39 100835714 681970 1533089 6979 0 0 17553 11422 103085388 448 846 10 0 0 0 35 103086479 0 0 0 248 0 0 0 103086727
40 87109279 2388705 2989033 245417 0 0 28322 10325751 97725031 2381318 2390448 203225 0 0 0 386485 100022390 0 0 0 3064117 0 0 0 103086507
41 84416162 3393306 4164005 380485 0 0 79236 10653045 97611749 2440930 2429906 205200 0 0 0 398454 99971427 0 0 0 3114812 0 0 0 103086239
42 83802715 3732867 4447193 405799 0 0 90147 10607240 97652321 2428105 2407202 202603 0 0 0 395730 99983639 0 0 0 3102322 0 0 0 103085961
43 82416506 4279189 5529062 472301 0 0 137866 10250719 97923336 2308274 2287208 192224 0 0 0 374601 100135916 0 0 0 2949727 0 0 0 103085643
44 81694572 4404128 5599994 485011 0 0 139722 10761886 97654848 2416498 2418131 204326 0 0 0 391510 99993215 0 0 0 3092098 0 0 0 103085313
45 81220680 4510590 5702887 502458 0 0 145018 11003317 97533804 2465112 2472572 210759 0 0 0 402703 99931360 0 0 0 3153590 0 0 0 103084950
46 80816997 4635207 5719058 524646 0 0 144655 11243980 97414873 2506685 2535761 215358 0 0 0 411866 99910973 0 0 0 3173570 0 0 0 103084543
47 79910808 4762075 5914979 540584 0 0 152335 11803352 97120363 2652891 2646415 225386 0 0 0 439078 99721679 0 0 0 3362454 0 0 0 103084133
48 79989549 4857916 6038498 555149 0 0 159105 11483488 97296889 2575025 2568606 217462 0 0 0 425723 99826183 0 0 0 3257522 0 0 0 103083705
49 79910531 4867973 6138215 559195 0 0 165295 11442065 97314982 2568125 2559929 216581 0 0 0 423657 99838055 0 0 0 3245219 0 0 0 103083274
50 80230451 4885554 6225101 556137 0 0 170690 11014960 97562370 2448547 2464340 208864 0 0 0 398772 99979511 0 0 0 3103382 0 0 0 103082893
51 80684113 4820711 6230091 548505 0 0 171506 10627529 97763456 2358070 2378019 200993 0 0 0 381917 100106670 0 0 0 2975785 0 0 0 103082455
52 80841922 4832759 6240137 544154 0 0 170127 10452974 97854771 2313552 2343497 196688 0 0 0 373565 100156207 0 0 0 2925866 0 0 0 103082073
53 80159790 4862454 6316496 558329 0 0 171915 11012699 97545955 2459056 2467487 207056 0 0 0 402129 99989215 0 0 0 3092468 0 0 0 103081683
54 80380818 4879353 6391527 554396 0 0 176093 10699111 97718283 2387372 2386958 199851 0 0 0 388834 100068943 0 0 0 3012355 0 0 0 103081298
55 81505622 4759874 6374658 535495 0 0 178513 9726783 98226136 2164896 2165125 177981 0 0 0 346807 100360117 0 0 0 2720828 0 0 0 103080945
56 80547721 4805339 6431655 540039 0 0 176911 10578949 97782832 2348948 2367299 199668 0 0 0 381867 100100513 0 0 0 2980101 0 0 0 103080614
57 81459563 4733394 6443997 534881 0 0 182613 9725813 98235419 2138225 2180948 180944 0 0 0 344725 100390879 0 0 0 2689382 0 0 0 103080261
58 81514049 4727222 6268207 525965 0 0 170116 9874348 98145907 2183778 2216604 184181 0 0 0 349437 100336268 0 0 0 2743639 0 0 0 103079907
59 80772801 4810445 6409004 546905 0 0 176662 10363777 97889872 2306941 2314797 192671 0 0 0 375313 100173940 0 0 0 2905654 0 0 0 103079594
60 80560720 4829448 6394739 546940 0 0 173746 10573697 97773731 2361706 2362950 197558 0 0 0 383345 100113902 0 0 0 2965388 0 0 0 103079290
61 79569188 4910154 6528874 573108 0 0 179428 11318225 97381163 2534472 2533403 213029 0 0 0 416910 99895688 0 0 0 3183289 0 0 0 103078977
62 80875101 4912109 6570736 567554 0 0 186990 9966133 98118177 2194765 2226411 185605 0 0 0 353665 100311540 0 0 0 2767083 0 0 0 103078623
63 80908312 4829840 6482955 552299 0 0 181433 10123431 98020693 2236552 2272541 188401 0 0 0 360083 100270777 0 0 0 2807493 0 0 0 103078270
64 80426901 4915439 6546574 558923 0 0 182003 10448099 97858585 2308159 2340702 196365 0 0 0 374128 100165225 0 0 0 2912714 0 0 0 103077939
65 79964797 4907950 6485994 565550 0 0 179248 10974047 97565060 2447019 2457733 205269 0 0 0 402505 99999831 0 0 0 3077755 0 0 0 103077586
66 80416062 4927191 6525733 560801 0 0 182511 10464903 97839940 2329214 2334626 195017 0 0 0 378404 100140124 0 0 0 2937077 0 0 0 103077201
67 80737409 4850182 6520602 551637 0 0 183898 10233083 97964728 2278492 2276309 189152 0 0 0 368130 100215159 0 0 0 2861652 0 0 0 103076811
68 80565691 4867423 6537576 550447 0 0 184048 10371244 97894257 2298496 2317475 195390 0 0 0 370811 100162095 0 0 0 2914334 0 0 0 103076429
69 80124745 4900089 6528506 566238 0 0 181757 10774656 97674312 2387694 2421359 203693 0 0 0 388933 100070241 0 0 0 3005750 0 0 0 103075991
70 80590936 4903105 6501016 554802 0 0 180786 10344965 97906286 2292021 2313648 194587 0 0 0 369068 100183793 0 0 0 2891817 0 0 0 103075610
71 82438477 4785210 6377643 525436 0 0 180123 8768290 98726563 1946990 1937385 157602 0 0 0 306639 100622853 0 0 0 2452326 0 0 0 103075179
72 82884693 4657092 6220288 504862 0 0 171831 8635985 98783288 1920580 1911731 157164 0 0 0 301988 100651462 0 0 0 2423289 0 0 0 103074751
73 83108806 4538584 6125488 494223 0 0 168155 8639085 98771336 1926947 1915854 156698 0 0 0 303506 100643541 0 0 0 2430800 0 0 0 103074341
74 82802336 4514937 5972199 492576 0 0 158849 9133037 98501553 2039740 2042661 168404 0 0 0 321576 100482623 0 0 0 2591311 0 0 0 103073934
75 82847036 4538356 6001357 501901 0 0 160220 9024701 98567648 2008506 2013411 167277 0 0 0 316729 100517843 0 0 0 2555728 0 0 0 103073571
76 83120525 4540788 5952271 493911 0 0 158603 8807143 98677364 1960097 1966746 161709 0 0 0 307325 100592274 0 0 0 2480967 0 0 0 103073241
77 83405117 4485105 5946867 487621 0 0 160023 8588190 98793690 1911525 1910225 156487 0 0 0 300996 100663377 0 0 0 2409546 0 0 0 103072923
78 78389893 4760323 6221737 564728 0 0 158891 12977073 96475368 2922101 2930164 251600 0 0 0 493412 99445192 0 0 0 3627453 0 0 0 103072645
79 77231243 5100771 6708851 635292 0 0 185233 13210987 96375325 2967687 2972161 254825 0 0 0 502379 99385597 0 0 0 3686780 0 0 0 103072377
80 80756900 5032870 6617661 580978 0 0 190254 9893494 98147407 2191495 2197991 183930 0 0 0 351334 100289642 0 0 0 2782515 0 0 0 103072157
81 80768756 4970954 6732254 569235 0 0 194023 9836738 98187877 2165624 2190021 181586 0 0 0 346852 100342993 0 0 0 2728967 0 0 0 103071960
82 81196551 4922463 6639764 550194 0 0 188747 9574030 98322741 2108927 2128013 176960 0 0 0 335108 100398333 0 0 0 2673416 0 0 0 103071749
83 82301087 4674164 6221799 511813 0 0 170395 9192323 98488991 2046333 2042660 168485 0 0 0 325112 100503386 0 0 0 2568195 0 0 0 103071581
84 81636072 4713232 6187058 523343 0 0 166662 9845045 98140998 2200112 2195115 181322 0 0 0 353865 100299119 0 0 0 2772293 0 0 0 103071412
85 82102745 4654485 6191044 518993 0 0 169985 9434050 98352829 2106958 2101441 173594 0 0 0 336480 100431009 0 0 0 2640293 0 0 0 103071302
86 81321231 4669221 6168801 520754 0 0 164521 10226672 97937814 2274297 2298354 192592 0 0 0 368143 100195507 0 0 0 2875693 0 0 0 103071200
87 81322550 4731351 6306749 527677 0 0 173053 10009731 98061880 2228621 2236337 187151 0 0 0 357122 100250691 0 0 0 2820420 0 0 0 103071111
88 81096032 4757620 6259807 531234 0 0 168203 10258128 97931759 2278677 2299865 193546 0 0 0 367177 100187124 0 0 0 2883900 0 0 0 103071024
89 81271594 4780371 6360331 538199 0 0 175821 9944631 98095135 2215571 2219603 184087 0 0 0 356551 100290977 0 0 0 2779970 0 0 0 103070947
90 80963474 4796599 6347011 536780 0 0 172996 10254034 97926295 2295390 2288414 189841 0 0 0 370954 100178922 0 0 0 2891972 0 0 0 103070894
91 80708795 4805479 6447999 550235 0 0 178364 10379969 97863200 2318621 2319147 193421 0 0 0 376452 100152530 0 0 0 2918311 0 0 0 103070841
92 80509940 4834721 6444557 554220 0 0 177212 10550129 97778555 2345282 2368194 199220 0 0 0 379528 100114694 0 0 0 2956085 0 0 0 103070779
93 80760163 4844399 6479271 554084 0 0 181016 10251793 97946535 2267266 2298474 192027 0 0 0 366424 100215768 0 0 0 2854958 0 0 0 103070726
94 80695007 4875412 6449884 551956 0 0 178072 10320350 97911035 2284491 2312831 193878 0 0 0 368446 100186185 0 0 0 2884496 0 0 0 103070681
95 80753481 4866001 6465939 552711 0 0 179202 10253284 97939741 2282030 2289956 189492 0 0 0 369399 100217605 0 0 0 2853013 0 0 0 103070618
96 81622577 4789922 6371749 534184 0 0 176896 9575230 98292453 2127895 2131840 176227 0 0 0 342143 100398448 0 0 0 2672110 0 0 0 103070558
97 81151603 4752440 6360037 537997 0 0 174673 10093764 98011259 2254025 2254205 186913 0 0 0 364112 100249442 0 0 0 2821072 0 0 0 103070514
98 80835387 4787760 6399649 544171 0 0 176445 10327049 97896372 2290525 2319554 194137 0 0 0 369873 100182171 0 0 0 2888290 0 0 0 103070461
99 79985090 4844751 6428597 561074 0 0 175279 11075615 97500462 2466831 2490310 209788 0 0 0 403015 99971770 0 0 0 3098636 0 0 0 103070406
100 80632256 4926321 6494621 562648 0 0 180104 10274402 97937239 2272459 2300731 192878 0 0 0 367045 100211931 0 0 0 2858421 0 0 0 103070352
101 81268538 4806058 6433558 529551 0 0 178311 9854291 98146357 2202980 2186591 181534 0 0 0 352845 100299193 0 0 0 2771114 0 0 0 103070307
102 80519296 4868860 6488470 551535 0 0 178501 10463593 97828877 2329539 2337969 194504 0 0 0 379366 100147529 0 0 0 2922726 0 0 0 103070255
103 80959419 4807477 6468979 549035 0 0 180035 10105262 98011131 2251878 2257107 186767 0 0 0 363324 100255085 0 0 0 2815122 0 0 0 103070207
104 81073437 4784004 6386489 539528 0 0 175262 10111436 98002791 2243771 2272082 190205 0 0 0 361307 100247483 0 0 0 2822673 0 0 0 103070156
105 80287488 4845056 6496309 553487 0 0 177624 10710154 97696485 2380967 2404171 202133 0 0 0 386362 100069802 0 0 0 3000316 0 0 0 103070118
106 80785719 4879861 6465107 555085 0 0 178522 10205767 97968253 2258507 2288678 190773 0 0 0 363850 100230732 0 0 0 2839329 0 0 0 103070061
107 80637571 4860821 6449158 552382 0 0 176830 10393247 97860851 2318658 2321937 194143 0 0 0 374420 100173358 0 0 0 2896651 0 0 0 103070009
108 80822792 4875764 6491329 550397 0 0 179271 10150407 97996928 2259896 2260127 188416 0 0 0 364593 100234139 0 0 0 2835821 0 0 0 103069960
109 80628676 4820898 6463427 548081 0 0 178710 10430117 97834514 2330283 2331857 194355 0 0 0 378900 100147487 0 0 0 2922422 0 0 0 103069909
110 82222918 4741191 6392024 527751 0 0 179409 9006569 98595572 1981442 2012654 165236 0 0 0 314958 100575267 0 0 0 2494595 0 0 0 103069862
111 93157207 3653091 5419665 291065 0 0 163350 385437 103037019 31611 1182 0 0 0 0 3 103069157 0 0 0 658 0 0 0 103069815
112 95582842 2733104 4233881 166314 0 0 106136 247493 103036329 32332 1105 1 0 0 0 3 103069041 0 0 0 729 0 0 0 103069770
113 96702207 2268025 3672864 138266 0 0 85379 202983 103036505 32253 961 1 0 0 0 4 103069018 0 0 0 706 0 0 0 103069724
114 98788866 1603773 2444583 88340 0 0 42095 102015 103036151 32588 926 5 0 0 0 2 103068976 0 0 0 696 0 0 0 103069672
115 99168874 1432214 2255916 81569 0 0 36793 94261 103037765 30888 970 2 0 0 0 2 103068928 0 0 0 699 0 0 0 103069627
116 99423459 1339873 2099865 81614 0 0 32457 92312 103036474 32093 1011 1 0 0 0 1 103068866 0 0 0 714 0 0 0 103069580
117 99651754 1248532 1971735 78668 0 0 29610 89230 103037369 31598 556 3 0 0 0 3 103068793 0 0 0 736 0 0 0 103069529
118 100291758 907449 1791567 22375 0 0 26153 30181 103068704 220 559 0 0 0 0 0 103069483 0 0 0 0 0 0 0 103069483
119 100577066 789101 1649040 13792 0 0 21282 19141 103068292 313 817 0 0 0 0 0 103069422 0 0 0 0 0 0 0 103069422
