0 102516653 6887128 9324748 932388 0 0 158583 29289512 133706931 6825732 6682058 629553 0 0 0 1264738 140849513 0 0 0 8259499 0 0 0 149109012
1 92890917 9364691 12256290 1569994 0 0 313079 32713935 132143231 7539418 7289129 699609 0 0 0 1437519 139973106 0 0 0 9135800 0 0 0 149108906
2 91677705 10460195 13164651 1785162 0 0 363789 31657298 132908893 7182480 7003566 665058 0 0 0 1348803 140371376 0 0 0 8737424 0 0 0 149108800
3 85486850 11922950 15637865 2208361 0 0 527814 33324844 132444136 7394990 7182855 688397 0 0 0 1398306 140100364 0 0 0 9008320 0 0 0 149108684
4 85126503 12264202 16012758 2296383 0 0 564387 32844357 132807989 7214582 7058202 675025 0 0 0 1352792 140332165 0 0 0 8776425 0 0 0 149108590
5 84734873 12284870 15857545 2291514 0 0 560687 33378998 132431840 7407755 7173422 690665 0 0 0 1404805 140153030 0 0 0 8955457 0 0 0 149108487
6 85796107 12435381 16052792 2300053 0 0 578578 31945462 133262826 7046499 6831269 651451 0 0 0 1316328 140594587 0 0 0 8513786 0 0 0 149108373
7 85168981 12378954 15951783 2294291 0 0 571801 32742419 132799596 7271831 7001146 667100 0 0 0 1368556 140341924 0 0 0 8766305 0 0 0 149108229
8 83546883 12536067 16121539 2357661 0 0 583206 33962744 132217042 7498450 7272554 699592 0 0 0 1420462 139973014 0 0 0 9135086 0 0 0 149108100
9 81759731 12659321 16224882 2437304 0 0 588824 35437940 131395766 7854897 7607317 740366 0 0 0 1509656 139514887 0 0 0 9593115 0 0 0 149108002
10 82500802 12930518 16685971 2506961 0 0 626753 33856875 132346942 7416850 7243602 698357 0 0 0 1402129 140063731 0 0 0 9044149 0 0 0 149107880
11 81061199 12953769 16873258 2560100 0 0 642409 35017033 131647046 7744760 7495652 730278 0 0 0 1490032 139732213 0 0 0 9375555 0 0 0 149107768
12 79952026 13142833 17327720 2644271 0 0 679480 35361313 131538218 7804490 7530594 736030 0 0 0 1498311 139642321 0 0 0 9465322 0 0 0 149107643
13 79122536 13182518 17517577 2708463 0 0 689996 35886445 131267036 7941527 7619587 745488 0 0 0 1533897 139506210 0 0 0 9601325 0 0 0 149107535
14 76873516 13382653 17805364 2827992 0 0 711562 37506330 130474140 8254499 7977955 787559 0 0 0 1613264 139053591 0 0 0 10053826 0 0 0 149107417
15 77369257 13617320 18297782 2905662 0 0 749184 36168106 131298850 7908013 7634034 746595 0 0 0 1519819 139491884 0 0 0 9615427 0 0 0 149107311
16 75747837 13644563 18243443 2928632 0 0 749888 37792818 130376303 8279909 8032996 800909 0 0 0 1617064 139002567 0 0 0 10104614 0 0 0 149107181
17 74285412 13799302 18513454 3042040 0 0 777329 38689527 129877953 8520765 8200759 820317 0 0 0 1687270 138772690 0 0 0 10334374 0 0 0 149107064
18 75699078 13940063 18703828 3042645 0 0 790801 36930526 130874796 8088458 7799829 769827 0 0 0 1574031 139297761 0 0 0 9809180 0 0 0 149106941
19 74895801 13914422 18762821 3052518 0 0 797589 37683659 130483999 8284024 7932420 784971 0 0 0 1621396 139085682 0 0 0 10021128 0 0 0 149106810
20 74065136 13999780 18866626 3106288 0 0 803333 38265526 130258837 8348106 8065265 798408 0 0 0 1636073 138931402 0 0 0 10175287 0 0 0 149106689
21 75966071 14060605 19024272 3076891 0 0 813093 36165641 131447833 7844692 7572270 739909 0 0 0 1501869 139568088 0 0 0 9538485 0 0 0 149106573
22 76640148 14005474 18946287 3016279 0 0 808625 35689635 131665027 7726111 7506717 732887 0 0 0 1475706 139729570 0 0 0 9376878 0 0 0 149106448
23 74914319 13864455 18801490 3035010 0 0 801128 37689921 130457279 8273118 7965462 791615 0 0 0 1618849 139126878 0 0 0 9979445 0 0 0 149106323
24 75666754 13941092 18871014 3038456 0 0 805140 36783752 130984943 8048818 7747780 765133 0 0 0 1559534 139361071 0 0 0 9745137 0 0 0 149106208
25 76998637 13937998 19004146 3009435 0 0 810405 35345456 131805244 7723741 7390771 714268 0 0 0 1472053 139804999 0 0 0 9301078 0 0 0 149106077
26 75569905 13917577 18916516 3023316 0 0 804491 36874145 131002667 8031317 7763164 759268 0 0 0 1549534 139328817 0 0 0 9777133 0 0 0 149105950
27 75301459 13941252 18978421 3062066 0 0 809089 37013513 130934984 8060564 7789406 763411 0 0 0 1557435 139305186 0 0 0 9800614 0 0 0 149105800
28 75995284 13971125 18930835 3035418 0 0 801753 36371231 131261078 7897504 7677235 752758 0 0 0 1517071 139492600 0 0 0 9613046 0 0 0 149105646
29 76681985 13967900 19089716 3013084 0 0 817398 35535422 131704584 7749430 7444897 728744 0 0 0 1477850 139723348 0 0 0 9382157 0 0 0 149105505
30 74666963 13838808 18802645 3027681 0 0 798829 37970447 130297506 8351707 8017687 800548 0 0 0 1637925 138997239 0 0 0 10108134 0 0 0 149105373
31 107655145 14019879 21219838 2207319 0 0 978288 3024742 149085879 1952 17179 69 0 0 0 132 149104266 0 0 0 945 0 0 0 149105211
32 118542771 10506667 16781601 972510 0 0 669539 1631937 149085628 1925 17248 84 0 0 0 140 149104067 0 0 0 958 0 0 0 149105025
33 121871988 9010048 15464751 763134 0 0 600016 1394894 149086398 1757 16465 57 0 0 0 154 149103926 0 0 0 905 0 0 0 149104831
34 132371014 5781360 10097591 241867 0 0 282178 330627 149086225 1753 16448 70 0 0 0 141 149103766 0 0 0 871 0 0 0 149104637
35 133960922 5155536 9272538 199424 0 0 242070 273891 149084750 1849 17583 71 0 0 0 128 149103416 0 0 0 965 0 0 0 149104381
36 135218404 4690950 8581487 169243 0 0 212291 231723 149085431 1669 16795 57 0 0 0 146 149103160 0 0 0 938 0 0 0 149104098
37 136192864 4289267 8079417 147749 0 0 190727 203759 149084243 1543 17780 71 0 0 0 146 149102858 0 0 0 925 0 0 0 149103783
38 137322962 3890176 7460813 106547 0 0 165622 157338 149099586 1546 2114 61 0 0 0 151 149102582 0 0 0 876 0 0 0 149103458
39 138225946 3545255 6963847 88759 0 0 147310 131993 149098968 1729 2218 63 0 0 0 132 149102223 0 0 0 887 0 0 0 149103110
40 97423525 7184809 9420715 1012275 0 0 152818 33908619 131209133 7916257 7705120 757355 0 0 0 1514896 139461819 0 0 0 9640942 0 0 0 149102761
41 88462854 9872848 12662181 1744922 0 0 339937 36019571 130364195 8333905 7981747 796990 0 0 0 1625476 139028575 0 0 0 10073738 0 0 0 149102313
42 86423803 11000631 13541394 1994977 0 0 394215 35746863 130646262 8209138 7867039 782466 0 0 0 1596978 139184827 0 0 0 9917056 0 0 0 149101883
43 79290651 12576133 16340402 2532789 0 0 594642 37766785 130117823 8463500 8054537 802357 0 0 0 1663185 138860332 0 0 0 10241070 0 0 0 149101402
44 80434056 12955906 16785128 2612061 0 0 636441 35677318 131457026 7842580 7566047 734683 0 0 0 1500574 139590572 0 0 0 9510338 0 0 0 149100910
45 81276680 12959767 16683812 2560746 0 0 630981 34988384 131822008 7684744 7414516 719794 0 0 0 1459308 139752967 0 0 0 9347403 0 0 0 149100370
46 79388400 12989926 16598574 2585426 0 0 630926 36906598 130720421 8121552 7900184 781008 0 0 0 1576685 139171705 0 0 0 9928145 0 0 0 149099850
47 78382655 13052900 16616359 2649941 0 0 636766 37760632 130158671 8400705 8082001 806885 0 0 0 1650991 138920888 0 0 0 10178365 0 0 0 149099253
48 78644206 13244409 16844356 2694620 0 0 658058 37013018 130628888 8199935 7888952 782818 0 0 0 1598074 139141366 0 0 0 9957301 0 0 0 149098667
49 75652159 13322427 17038725 2793824 0 0 672158 39618779 129214620 8833468 8436643 848034 0 0 0 1765307 138369737 0 0 0 10728335 0 0 0 149098072
50 77067540 13701969 17702115 2901990 0 0 723111 37000767 130886063 8082642 7801308 764356 0 0 0 1563123 139239725 0 0 0 9857767 0 0 0 149097492
51 78346674 13663442 17840562 2858225 0 0 728506 35659500 131610973 7764488 7509885 728526 0 0 0 1483037 139659977 0 0 0 9436932 0 0 0 149096909
52 76666098 13663123 18054128 2892938 0 0 751117 37069003 130839236 8073434 7847001 773690 0 0 0 1563046 139245614 0 0 0 9850793 0 0 0 149096407
53 75129451 13619861 18070714 2957257 0 0 755089 38563506 129911233 8503289 8182149 819924 0 0 0 1679283 138774139 0 0 0 10321739 0 0 0 149095878
54 75241597 13804402 18418015 3023321 0 0 782511 37825532 130365080 8320720 7985617 798380 0 0 0 1625581 138998600 0 0 0 10096778 0 0 0 149095378
55 74172403 13885814 18715052 3092867 0 0 806158 38422622 130087839 8471837 8069704 803065 0 0 0 1662471 138836774 0 0 0 10258142 0 0 0 149094916
56 74573815 14107184 19091025 3148737 0 0 834993 37338694 130849228 8098119 7812213 770070 0 0 0 1564818 139204645 0 0 0 9889803 0 0 0 149094448
57 75846129 14104497 19151402 3107423 0 0 833414 36051140 131558165 7799826 7518142 730502 0 0 0 1487370 139614734 0 0 0 9479271 0 0 0 149094005
58 75247934 14039509 18995071 3086265 0 0 828988 36895818 131036650 7994198 7761872 762913 0 0 0 1537952 139376395 0 0 0 9717190 0 0 0 149093585
59 75022844 13985517 18953158 3085312 0 0 827993 37218334 130774360 8137774 7826433 773741 0 0 0 1580850 139240324 0 0 0 9852834 0 0 0 149093158
60 74014870 13963057 18815705 3104689 0 0 817170 38377263 130086582 8434752 8106481 810398 0 0 0 1654541 138864407 0 0 0 10228347 0 0 0 149092754
61 74692735 14113465 19180932 3156010 0 0 842844 37106341 130898229 8107762 7754594 762959 0 0 0 1568783 139280582 0 0 0 9811745 0 0 0 149092327
62 75467499 14137594 19203696 3133632 0 0 839653 36309833 131401494 7856480 7591874 738338 0 0 0 1503721 139571416 0 0 0 9520491 0 0 0 149091907
63 76331661 14126961 19315915 3095674 0 0 846534 35374719 131940737 7632761 7364481 711945 0 0 0 1441540 139840138 0 0 0 9251326 0 0 0 149091464
64 76607318 13982041 19047395 3018394 0 0 825322 35610526 131719540 7698820 7479473 730548 0 0 0 1462615 139725247 0 0 0 9365749 0 0 0 149090996
65 74473088 13839065 18779396 3040388 0 0 810315 38148282 130181611 8396383 8061235 805358 0 0 0 1645947 138912832 0 0 0 10177702 0 0 0 149090534
66 74721903 13994697 18963448 3114386 0 0 824743 37470858 130616746 8202259 7895287 782191 0 0 0 1593552 139188530 0 0 0 9901505 0 0 0 149090035
67 72885731 13969538 18883356 3150535 0 0 817449 39382896 129534716 8682157 8311636 834633 0 0 0 1726363 138569265 0 0 0 10520240 0 0 0 149089505
68 74094962 14292135 19445996 3241207 0 0 861222 37153482 130988813 8035077 7758082 759307 0 0 0 1547725 139342702 0 0 0 9746302 0 0 0 149089004
69 73220848 14118904 19129776 3193334 0 0 835077 38590482 130119687 8405138 8113465 806424 0 0 0 1643707 138872196 0 0 0 10216225 0 0 0 149088421
70 73963412 14287105 19450451 3221761 0 0 863420 37301691 130895836 8053479 7812150 772022 0 0 0 1554353 139285390 0 0 0 9802450 0 0 0 149087840
71 76124880 14163623 19328684 3101067 0 0 848466 35520525 131742117 7728071 7421259 725160 0 0 0 1470638 139746332 0 0 0 9340913 0 0 0 149087245
72 75763697 14064118 19212893 3058220 0 0 840847 36146884 131389121 7878094 7566380 743576 0 0 0 1509488 139542793 0 0 0 9543866 0 0 0 149086659
73 76434777 13985739 19203450 3037021 0 0 835178 35589897 131688165 7768681 7427243 719732 0 0 0 1482241 139714048 0 0 0 9372014 0 0 0 149086062
74 76535659 13928269 18979360 2996658 0 0 812085 35833510 131559617 7789698 7522547 730826 0 0 0 1482853 139595753 0 0 0 9489788 0 0 0 149085541
75 75047574 13919115 18924579 3043277 0 0 809048 37341408 130720355 8151061 7860492 774781 0 0 0 1578312 139145147 0 0 0 9939854 0 0 0 149085001
76 76706608 14054482 19139625 3041559 0 0 825438 35316797 131868473 7624405 7422877 721384 0 0 0 1447370 139785981 0 0 0 9298528 0 0 0 149084509
77 76941466 13921823 19003062 2980752 0 0 815999 35420926 131711037 7734960 7435132 728049 0 0 0 1474850 139710444 0 0 0 9373584 0 0 0 149084028
78 74009364 13840362 18848283 3121269 0 0 810299 38454021 130033055 8431892 8143675 813604 0 0 0 1661372 138988942 0 0 0 10094656 0 0 0 149083598
79 73915374 13949262 19017963 3196695 0 0 819759 38184097 130214786 8380978 8049807 796742 0 0 0 1640837 139078615 0 0 0 10004535 0 0 0 149083150
80 74897138 14122671 19183007 3146162 0 0 829420 36904403 131013775 8001743 7761443 758945 0 0 0 1546895 139350351 0 0 0 9732450 0 0 0 149082801
81 72780042 14069786 19148172 3177841 0 0 828025 39078587 129816663 8533971 8234808 819009 0 0 0 1678002 138654376 0 0 0 10428077 0 0 0 149082453
82 73185845 14198318 19298266 3212348 0 0 843939 38343412 130242451 8333664 8073053 806178 0 0 0 1626782 138899568 0 0 0 10182560 0 0 0 149082128
83 74714320 14182902 19300373 3147842 0 0 842358 36894018 130965689 8062952 7730569 764921 0 0 0 1557682 139329078 0 0 0 9752735 0 0 0 149081813
84 73827199 14129675 19222547 3162038 0 0 837671 37902399 130413167 8285126 7971092 791910 0 0 0 1620234 139039997 0 0 0 10041532 0 0 0 149081529
85 74086934 14126019 19293290 3175332 0 0 840429 37559270 130620590 8215607 7869862 775515 0 0 0 1599700 139162711 0 0 0 9918563 0 0 0 149081274
86 74355924 14123118 19171530 3144114 0 0 823601 37462792 130701761 8155265 7868038 775376 0 0 0 1580639 139162259 0 0 0 9918820 0 0 0 149081079
87 73798516 14123612 19233621 3172339 0 0 828044 37924753 130454848 8260837 7968728 788450 0 0 0 1608022 139018549 0 0 0 10062336 0 0 0 149080885
88 73606260 14137604 19175862 3165631 0 0 827215 38168128 130314633 8289233 8053532 804301 0 0 0 1619001 138925355 0 0 0 10155345 0 0 0 149080700
89 74198586 14147311 19271630 3157506 0 0 837208 37468296 130642218 8197680 7868220 780173 0 0 0 1592246 139153462 0 0 0 9927075 0 0 0 149080537
90 76070155 14192548 19432772 3111284 0 0 845954 35427692 131800389 7696101 7394961 723289 0 0 0 1465665 139779161 0 0 0 9301244 0 0 0 149080405
91 75874295 14020734 19263966 3060416 0 0 830375 36030479 131429673 7872990 7533820 734385 0 0 0 1509397 139553562 0 0 0 9526703 0 0 0 149080265
92 73984891 13941672 19040048 3089185 0 0 810792 38213522 130237654 8356688 8055443 797941 0 0 0 1632384 138887063 0 0 0 10193047 0 0 0 149080110
93 74509765 14048504 19139940 3122756 0 0 813443 37445552 130680005 8162431 7879770 777747 0 0 0 1580007 139115480 0 0 0 9964480 0 0 0 149079960
94 74550959 14088013 19138542 3116368 0 0 816515 37369437 130712070 8126284 7883102 782366 0 0 0 1576012 139157315 0 0 0 9922519 0 0 0 149079834
95 74621986 14121707 19319072 3130241 0 0 836325 37050371 130859383 8102244 7780269 769421 0 0 0 1568385 139256067 0 0 0 9823635 0 0 0 149079702
96 72316480 13974193 18956407 3151917 0 0 811266 39869324 129232644 8790470 8447419 855965 0 0 0 1753089 138396642 0 0 0 10682945 0 0 0 149079587
97 74986462 14253521 19543183 3199640 0 0 851206 36245451 131385503 7900771 7544439 735731 0 0 0 1513019 139556309 0 0 0 9523154 0 0 0 149079463
98 75245350 14104628 19237756 3093414 0 0 819822 36578367 131180092 7954406 7667944 749351 0 0 0 1527544 139396047 0 0 0 9683290 0 0 0 149079337
99 72271138 14063169 19178905 3181105 0 0 822802 39562102 129533915 8650178 8340996 835899 0 0 0 1718233 138496799 0 0 0 10582422 0 0 0 149079221
100 73549505 14164056 19212279 3187882 0 0 821388 38143990 130294695 8299630 8063554 801575 0 0 0 1619646 138943015 0 0 0 10136085 0 0 0 149079100
101 72173779 14084667 19034447 3189245 0 0 811358 39785473 129288097 8774617 8413841 853814 0 0 0 1748600 138433932 0 0 0 10645037 0 0 0 149078969
102 71997021 14286505 19422500 3292242 0 0 848046 39232532 129703928 8591060 8253362 829646 0 0 0 1700850 138652577 0 0 0 10426269 0 0 0 149078846
103 75341358 14346476 19679267 3205639 0 0 855418 35650571 131733036 7748198 7403910 719483 0 0 0 1474102 139755254 0 0 0 9323475 0 0 0 149078729
104 73503922 14134506 19284810 3158306 0 0 825508 38171547 130334393 8311096 8018660 794011 0 0 0 1620439 138963065 0 0 0 10115534 0 0 0 149078599
105 75383411 14227866 19584543 3155927 0 0 846091 35880655 131658603 7747468 7475184 725064 0 0 0 1472174 139673801 0 0 0 9404692 0 0 0 149078493
106 74432738 13942879 18927595 3054475 0 0 791354 37929334 130339600 8290213 8033723 802144 0 0 0 1612695 138978699 0 0 0 10099676 0 0 0 149078375
107 74923459 14127021 19361810 3130610 0 0 831871 36703496 131066740 8012563 7691406 759228 0 0 0 1548330 139408458 0 0 0 9669809 0 0 0 149078267
108 75203390 13985847 19067493 3057119 0 0 806085 36958208 130853030 8104712 7783719 770205 0 0 0 1566476 139285959 0 0 0 9792183 0 0 0 149078142
109 73021011 13995190 19115329 3144952 0 0 810700 38990848 129756173 8600100 8203170 820953 0 0 0 1697634 138677903 0 0 0 10400127 0 0 0 149078030
110 74027687 14157547 19292809 3174418 0 0 818936 37606511 130621041 8187260 7900270 778997 0 0 0 1590340 139123750 0 0 0 9954158 0 0 0 149077908
111 106912133 14346347 21502072 2252827 0 0 975028 3089403 149051610 23779 2406 6 0 0 0 9 149077506 0 0 0 304 0 0 0 149077810
112 117127395 10981161 17404316 1058449 0 0 705713 1800647 149052442 22918 2296 8 0 0 0 17 149077366 0 0 0 315 0 0 0 149077681
113 121550120 9188453 15564701 773755 0 0 601085 1399423 149053807 21594 2122 1 0 0 0 13 149077252 0 0 0 285 0 0 0 149077537
114 131780296 6025082 10353507 265822 0 0 293309 359407 149051988 23362 2054 7 0 0 0 12 149077106 0 0 0 317 0 0 0 149077423
115 133324787 5423257 9559319 219891 0 0 251376 298690 149052448 22921 1924 7 0 0 0 20 149077018 0 0 0 302 0 0 0 149077320
116 134547646 4985785 8876780 189664 0 0 220226 257125 149053209 22112 1890 7 0 0 0 8 149076927 0 0 0 299 0 0 0 149077226
117 135604240 4586679 8295566 168090 0 0 195125 227410 149051164 24214 1714 6 0 0 0 12 149076785 0 0 0 325 0 0 0 149077110
118 136856042 4065324 7696851 117561 0 0 173430 167796 149074495 838 1671 0 0 0 0 0 149077001 0 0 0 3 0 0 0 149077004
119 137841320 3674066 7174490 95718 0 0 154062 137242 149074039 1115 1744 0 0 0 0 0 149076896 0 0 0 2 0 0 0 149076898
