0 57797370 1100445 1358328 108019 0 0 11668 4510269 62554360 1071865 1013876 84940 0 0 0 161058 63554826 0 0 0 1331273 0 0 0 64886099
1 56512087 1547657 1867855 153804 0 0 31194 4773480 62443152 1118374 1066480 90066 0 0 0 168005 63481870 0 0 0 1404207 0 0 0 64886077
2 55958693 1732717 2019666 167420 0 0 36174 4971381 62339846 1166084 1109772 94154 0 0 0 176195 63422555 0 0 0 1463496 0 0 0 64886051
3 55153197 2012892 2511842 192939 0 0 54540 4960623 62379377 1147735 1093422 92613 0 0 0 172886 63439530 0 0 0 1446503 0 0 0 64886033
4 55032041 2066701 2560917 196707 0 0 56469 4973165 62369090 1158695 1091266 92025 0 0 0 174924 63438576 0 0 0 1447424 0 0 0 64886000
5 55281117 2075003 2572054 195710 0 0 58010 4704078 62512480 1090885 1032578 86680 0 0 0 163349 63526142 0 0 0 1359830 0 0 0 64885972
6 55036939 2101252 2569679 196870 0 0 56420 4924793 62394168 1146487 1080792 91763 0 0 0 172743 63458642 0 0 0 1427311 0 0 0 64885953
7 54918221 2133417 2612677 201284 0 0 58436 4961897 62378621 1146246 1095401 92343 0 0 0 173321 63440187 0 0 0 1445745 0 0 0 64885932
8 54711758 2162852 2627358 204445 0 0 58287 5121205 62293465 1186363 1129540 96788 0 0 0 179749 63394197 0 0 0 1491708 0 0 0 64885905
9 54714933 2183516 2688901 207103 0 0 61455 5029967 62347967 1161462 1107464 93984 0 0 0 174998 63424890 0 0 0 1460985 0 0 0 64885875
10 54648665 2200288 2718630 207192 0 0 62404 5048675 62333879 1175658 1104712 93934 0 0 0 177671 63420656 0 0 0 1465198 0 0 0 64885854
11 54704860 2208372 2766014 207056 0 0 65045 4934474 62396969 1146153 1077894 91761 0 0 0 173044 63457620 0 0 0 1428201 0 0 0 64885821
12 54246217 2259473 2820829 214857 0 0 64451 5279977 62213030 1231494 1156353 98206 0 0 0 186721 63351936 0 0 0 1533868 0 0 0 64885804
13 54173564 2293604 2893675 220309 0 0 68130 5236503 62244905 1209453 1149419 98123 0 0 0 183885 63366027 0 0 0 1519758 0 0 0 64885785
14 54032624 2315384 2925974 223221 0 0 69395 5319164 62203950 1227554 1168246 100369 0 0 0 185643 63344224 0 0 0 1541538 0 0 0 64885762
15 54052393 2338523 2997126 225205 0 0 72617 5199879 62267807 1197658 1141889 97265 0 0 0 181124 63380589 0 0 0 1505154 0 0 0 64885743
16 54141265 2334797 2996827 224012 0 0 72439 5116376 62306286 1186493 1117293 95657 0 0 0 179987 63408509 0 0 0 1477207 0 0 0 64885716
17 53745273 2379615 3046969 229415 0 0 73419 5410997 62153177 1258446 1181480 101024 0 0 0 191561 63318638 0 0 0 1567050 0 0 0 64885688
18 53700200 2409910 3072574 232790 0 0 74281 5395904 62158270 1256595 1178063 100526 0 0 0 192205 63323032 0 0 0 1562627 0 0 0 64885659
19 53573682 2426263 3091906 234346 0 0 74560 5484885 62119850 1267797 1201487 103452 0 0 0 193056 63293531 0 0 0 1592111 0 0 0 64885642
20 53721217 2435450 3114438 234137 0 0 76890 5303481 62214897 1223608 1162467 99086 0 0 0 185555 63349943 0 0 0 1535670 0 0 0 64885613
21 53686341 2426922 3113235 233867 0 0 76630 5348596 62194662 1231684 1172389 100262 0 0 0 186594 63337586 0 0 0 1548005 0 0 0 64885591
22 53584001 2444631 3134110 236129 0 0 77015 5409671 62156240 1257825 1178848 100987 0 0 0 191657 63317728 0 0 0 1567829 0 0 0 64885557
23 53732335 2429819 3124908 234683 0 0 76876 5286908 62220142 1226323 1154147 98458 0 0 0 186459 63355384 0 0 0 1530145 0 0 0 64885529
24 53815759 2419684 3112493 230808 0 0 76571 5230189 62251323 1212125 1140651 96973 0 0 0 184432 63370764 0 0 0 1514740 0 0 0 64885504
25 53595121 2436576 3136204 234338 0 0 77165 5406070 62162706 1249040 1182477 101782 0 0 0 189469 63316816 0 0 0 1568658 0 0 0 64885474
26 53459908 2454880 3150724 238309 0 0 77621 5504012 62110455 1272207 1205501 103463 0 0 0 193828 63289620 0 0 0 1595834 0 0 0 64885454
27 53592519 2446108 3155676 236286 0 0 78372 5376460 62179502 1238021 1177606 101171 0 0 0 189121 63326644 0 0 0 1558777 0 0 0 64885421
28 53692888 2439055 3150650 234356 0 0 78514 5289925 62221865 1226386 1152825 98187 0 0 0 186125 63358015 0 0 0 1527373 0 0 0 64885388
29 53512777 2458485 3175667 238598 0 0 78463 5421371 62151332 1257234 1183973 101166 0 0 0 191656 63313902 0 0 0 1571459 0 0 0 64885361
30 53240477 2493998 3193713 243948 0 0 78766 5634417 62037693 1310618 1230621 105468 0 0 0 200919 63251716 0 0 0 1633603 0 0 0 64885319
31 60155198 1770529 2629117 109260 0 0 75018 146176 64879853 238 5189 8 0 0 0 10 64885184 0 0 0 114 0 0 0 64885298
32 61584865 1190392 1948671 43297 0 0 44342 73688 64879897 239 5101 6 0 0 0 12 64885138 0 0 0 117 0 0 0 64885255
33 61971000 997852 1775453 37006 0 0 38127 65761 64879648 246 5282 7 0 0 0 16 64885065 0 0 0 134 0 0 0 64885199
34 63197680 583102 1065516 10382 0 0 14825 13627 64879797 247 5065 8 0 0 0 15 64884999 0 0 0 133 0 0 0 64885132
35 63368315 512881 970134 9216 0 0 12669 11846 64879768 254 5026 6 0 0 0 7 64884937 0 0 0 124 0 0 0 64885061
36 63501070 460619 893891 8409 0 0 10528 10462 64879736 234 4990 6 0 0 0 13 64884857 0 0 0 122 0 0 0 64884979
37 63611629 413808 832558 7687 0 0 9637 9568 64879642 215 5010 8 0 0 0 12 64884758 0 0 0 129 0 0 0 64884887
38 63769148 361353 738132 3246 0 0 7834 5047 64884210 213 315 11 0 0 0 11 64884655 0 0 0 105 0 0 0 64884760
39 63868175 319546 683513 2464 0 0 6982 3966 64884024 224 383 5 0 0 0 10 64884542 0 0 0 104 0 0 0 64884646
40 56651708 1221421 1493527 123224 0 0 12126 5382492 62100983 1281898 1203822 103389 0 0 0 194406 63300557 0 0 0 1583941 0 0 0 64884498
41 55445401 1723603 2069290 177733 0 0 36467 5431869 62101980 1281406 1202833 102584 0 0 0 195560 63295076 0 0 0 1589287 0 0 0 64884363
42 55139273 1884498 2195144 186739 0 0 41085 5437454 62104310 1284684 1197570 102437 0 0 0 195192 63299448 0 0 0 1584745 0 0 0 64884193
43 54497557 2178169 2720643 212212 0 0 61925 5213502 62257164 1206368 1140432 97991 0 0 0 182053 63381569 0 0 0 1502439 0 0 0 64884008
44 54005451 2242428 2763738 219377 0 0 61635 5591177 62057836 1295756 1227888 105324 0 0 0 197002 63266539 0 0 0 1617267 0 0 0 64883806
45 53666705 2315955 2838143 228438 0 0 64942 5769416 61970881 1334418 1266358 108819 0 0 0 203123 63216894 0 0 0 1666705 0 0 0 64883599
46 53314486 2380071 2876687 237947 0 0 65580 6008637 61837776 1401936 1313612 114203 0 0 0 215881 63140856 0 0 0 1742552 0 0 0 64883408
47 53333402 2431358 2957257 242980 0 0 70136 5848041 61928420 1359584 1276514 109791 0 0 0 208865 63190755 0 0 0 1692419 0 0 0 64883174
48 53678599 2417325 2954169 235731 0 0 70988 5526129 62094325 1286715 1203137 103315 0 0 0 195449 63294060 0 0 0 1588881 0 0 0 64882941
49 53410522 2438896 3001046 238940 0 0 71539 5721801 62000943 1320928 1251356 108252 0 0 0 201265 63227339 0 0 0 1655405 0 0 0 64882744
50 53316693 2458145 3031875 242050 0 0 72328 5761435 61977431 1332343 1259916 109186 0 0 0 203650 63214617 0 0 0 1667909 0 0 0 64882526
51 53499042 2441390 3034500 239731 0 0 74164 5593495 62069427 1288341 1223818 104677 0 0 0 196059 63267021 0 0 0 1615301 0 0 0 64882322
52 53301785 2467496 3099589 241423 0 0 75854 5695967 62005465 1325531 1242585 106251 0 0 0 202282 63235931 0 0 0 1646183 0 0 0 64882114
53 52991797 2513857 3174435 250720 0 0 78769 5872346 61919054 1363199 1279078 110554 0 0 0 210039 63183747 0 0 0 1698177 0 0 0 64881924
54 53188058 2517304 3195584 248943 0 0 79772 5652086 62035121 1314120 1226902 104736 0 0 0 200868 63254373 0 0 0 1627374 0 0 0 64881747
55 53186869 2518928 3222389 248719 0 0 80787 5623884 62050570 1297827 1229419 105942 0 0 0 197818 63256032 0 0 0 1625544 0 0 0 64881576
56 53002400 2548327 3264127 250037 0 0 82351 5734164 61992937 1324872 1252927 108368 0 0 0 202302 63226367 0 0 0 1655039 0 0 0 64881406
57 52680884 2577921 3297664 257904 0 0 83213 5983663 61862099 1384389 1309356 113326 0 0 0 212079 63148600 0 0 0 1732649 0 0 0 64881249
58 53070202 2565386 3300955 253087 0 0 85071 5606406 62057968 1301930 1218042 104420 0 0 0 198747 63260625 0 0 0 1620482 0 0 0 64881107
59 53188097 2537726 3288717 248588 0 0 83530 5534328 62099780 1280594 1201768 103123 0 0 0 195721 63285740 0 0 0 1595246 0 0 0 64880986
60 53094863 2558811 3305164 250696 0 0 83800 5587530 62070060 1296125 1213142 103200 0 0 0 198337 63273481 0 0 0 1607383 0 0 0 64880864
61 53287254 2526239 3261971 246539 0 0 82054 5476686 62130705 1261288 1194625 102825 0 0 0 191300 63307079 0 0 0 1573664 0 0 0 64880743
62 53470585 2500747 3232426 241241 0 0 81072 5354531 62190321 1235228 1168184 100006 0 0 0 186863 63341966 0 0 0 1538636 0 0 0 64880602
63 52907636 2537669 3271871 250056 0 0 81762 5831451 61940834 1347360 1275970 109899 0 0 0 206382 63193073 0 0 0 1687372 0 0 0 64880445
64 52913974 2569085 3302862 254956 0 0 83843 5755556 61975918 1337898 1253443 108350 0 0 0 204667 63220877 0 0 0 1659399 0 0 0 64880276
65 53128897 2544954 3285887 249951 0 0 83261 5587154 62064666 1297119 1215991 104041 0 0 0 198287 63266390 0 0 0 1613714 0 0 0 64880104
66 53347667 2540214 3287321 245500 0 0 83954 5375272 62178830 1246758 1166081 99306 0 0 0 188953 63334603 0 0 0 1545325 0 0 0 64879928
67 53161341 2533794 3274988 248533 0 0 82311 5578771 62072319 1288069 1219267 104551 0 0 0 195532 63271462 0 0 0 1608276 0 0 0 64879738
68 53006616 2549902 3285665 251451 0 0 82898 5702998 62009659 1317699 1244636 107405 0 0 0 200131 63239293 0 0 0 1640237 0 0 0 64879530
69 53136906 2536349 3272815 249698 0 0 83120 5600438 62064788 1290116 1222456 106108 0 0 0 195858 63266098 0 0 0 1613228 0 0 0 64879326
70 53336166 2520273 3270677 245376 0 0 83185 5423431 62152343 1258303 1176377 100767 0 0 0 191318 63318137 0 0 0 1560971 0 0 0 64879108
71 54317699 2422938 3192100 224835 0 0 82438 4638901 62560356 1069777 1004898 84405 0 0 0 159475 63539312 0 0 0 1339599 0 0 0 64878911
72 54288685 2366742 3100981 215904 0 0 76497 4829869 62454724 1117355 1049575 88664 0 0 0 168360 63479182 0 0 0 1399496 0 0 0 64878678
73 54176357 2363750 3089802 219738 0 0 75778 4953019 62392187 1142335 1080436 92331 0 0 0 171155 63437374 0 0 0 1441070 0 0 0 64878444
74 54161724 2338798 3025078 218951 0 0 73152 5060550 62330191 1168814 1108132 95121 0 0 0 175995 63406871 0 0 0 1471382 0 0 0 64878253
75 54154255 2349057 3049162 221877 0 0 74938 5028757 62348086 1159987 1101461 93486 0 0 0 175026 63417029 0 0 0 1461017 0 0 0 64878046
76 54098951 2357867 3061675 222711 0 0 74600 5062040 62329107 1175712 1102689 93452 0 0 0 176884 63411065 0 0 0 1466779 0 0 0 64877844
77 54502382 2321570 3042480 214525 0 0 75095 4721607 62509227 1092119 1026083 86325 0 0 0 163905 63509717 0 0 0 1367942 0 0 0 64877659
78 52054767 2535229 3204254 263812 0 0 74277 6745150 61442104 1578642 1478695 129670 0 0 0 248378 62932332 0 0 0 1945157 0 0 0 64877489
79 51774922 2699542 3402877 290043 0 0 85818 6624152 61524550 1530802 1455677 127200 0 0 0 239125 62979068 0 0 0 1898286 0 0 0 64877354
80 53309896 2581565 3281219 254027 0 0 84925 5365574 62185566 1234090 1170781 100495 0 0 0 186274 63330414 0 0 0 1546792 0 0 0 64877206
81 53393147 2553421 3347714 246287 0 0 87457 5249066 62254413 1201968 1141834 97282 0 0 0 181595 63372116 0 0 0 1504976 0 0 0 64877092
82 53329479 2524739 3313521 244075 0 0 85232 5379920 62176545 1244737 1166318 99484 0 0 0 189882 63326721 0 0 0 1550245 0 0 0 64876966
83 53248275 2496356 3221554 243462 0 0 79550 5587677 62060256 1297717 1217203 103895 0 0 0 197803 63262583 0 0 0 1614291 0 0 0 64876874
84 53035102 2531398 3240389 249573 0 0 79913 5740416 61977003 1336719 1250558 107984 0 0 0 204527 63219745 0 0 0 1657046 0 0 0 64876791
85 53771318 2475971 3208682 236271 0 0 81427 5103052 62322959 1171461 1110130 94902 0 0 0 177269 63402207 0 0 0 1474514 0 0 0 64876721
86 53689495 2451769 3175766 231855 0 0 78738 5249030 62242956 1209992 1143236 97842 0 0 0 182627 63364064 0 0 0 1512589 0 0 0 64876653
87 53608024 2454021 3196760 233475 0 0 80258 5304059 62212421 1220898 1160263 98956 0 0 0 184059 63345126 0 0 0 1531471 0 0 0 64876597
88 54026238 2393576 3116558 225335 0 0 77806 5037041 62343057 1168907 1095311 93604 0 0 0 175675 63425691 0 0 0 1450863 0 0 0 64876554
89 54328937 2347315 3091582 219178 0 0 76875 4812646 62466396 1113889 1042695 88365 0 0 0 165188 63496612 0 0 0 1379921 0 0 0 64876533
90 54147761 2351974 3080331 219245 0 0 75114 5002066 62363748 1164076 1082236 92067 0 0 0 174364 63443965 0 0 0 1432526 0 0 0 64876491
91 54227838 2334958 3063188 218860 0 0 74572 4957048 62386258 1143265 1083036 92016 0 0 0 171889 63451492 0 0 0 1424972 0 0 0 64876464
92 54079276 2339987 3048856 219916 0 0 72891 5115505 62299676 1185071 1117097 95673 0 0 0 178914 63399375 0 0 0 1477056 0 0 0 64876431
93 54451860 2313845 3041833 216349 0 0 74717 4777794 62482828 1097566 1042491 88735 0 0 0 164778 63506433 0 0 0 1369965 0 0 0 64876398
94 54185080 2320097 3029763 216652 0 0 73553 5051233 62328500 1174831 1102028 93892 0 0 0 177127 63417778 0 0 0 1458600 0 0 0 64876378
95 53998164 2354273 3081241 224079 0 0 74486 5144105 62286807 1194061 1119728 95000 0 0 0 180752 63394481 0 0 0 1481867 0 0 0 64876348
96 54308751 2327118 3025781 216274 0 0 73151 4925248 62398799 1144476 1070261 90594 0 0 0 172193 63454833 0 0 0 1421490 0 0 0 64876323
97 54039009 2344674 3054716 220118 0 0 72765 5145013 62288276 1189374 1124561 95739 0 0 0 178345 63394345 0 0 0 1481950 0 0 0 64876295
98 53784240 2386816 3089538 226825 0 0 74842 5314000 62199565 1230522 1160782 100024 0 0 0 185368 63342879 0 0 0 1533382 0 0 0 64876261
99 54114047 2353967 3064210 221535 0 0 74771 5047709 62341475 1164532 1102133 93860 0 0 0 174239 63426983 0 0 0 1449256 0 0 0 64876239
100 54547837 2306974 3021936 212308 0 0 74511 4712644 62511638 1091270 1023822 86377 0 0 0 163103 63525439 0 0 0 1350771 0 0 0 64876210
101 54575769 2277303 3004293 209966 0 0 72457 4736405 62499414 1095953 1029842 87040 0 0 0 163944 63514110 0 0 0 1362083 0 0 0 64876193
102 54621113 2262460 2964600 208495 0 0 70202 4749294 62487023 1103997 1032386 87366 0 0 0 165392 63514972 0 0 0 1361192 0 0 0 64876164
103 54656430 2244768 2925997 205999 0 0 69334 4773608 62475884 1103804 1044318 87725 0 0 0 164405 63502165 0 0 0 1373971 0 0 0 64876136
104 54443826 2263187 2938709 209458 0 0 69247 4951683 62383430 1144808 1083775 92644 0 0 0 171453 63451191 0 0 0 1424919 0 0 0 64876110
105 54133316 2302319 2981351 218314 0 0 71058 5169732 62272841 1195295 1131412 96530 0 0 0 180012 63386820 0 0 0 1489270 0 0 0 64876090
106 54177129 2325591 3001138 219537 0 0 71785 5080887 62309690 1183682 1110260 94210 0 0 0 178225 63406636 0 0 0 1469431 0 0 0 64876067
107 54208066 2321854 3019255 218343 0 0 72695 5035836 62338472 1170627 1097516 93427 0 0 0 176007 63425492 0 0 0 1450557 0 0 0 64876049
108 54209022 2336161 3028864 218100 0 0 72703 5011181 62353583 1164707 1090042 92631 0 0 0 175068 63435545 0 0 0 1440486 0 0 0 64876031
109 54476472 2299768 2999027 212730 0 0 71910 4816091 62457538 1109524 1052991 89537 0 0 0 166408 63488419 0 0 0 1387579 0 0 0 64875998
110 53728489 2358174 3027713 226110 0 0 71240 5464252 62113818 1267972 1198828 102801 0 0 0 192559 63292883 0 0 0 1583095 0 0 0 64875978
111 60331040 1732328 2487146 110599 0 0 69858 144976 64865880 9636 422 2 0 0 0 7 64875740 0 0 0 207 0 0 0 64875947
112 61712240 1182354 1813071 50298 0 0 39768 78189 64865449 10079 385 3 0 0 0 4 64875684 0 0 0 236 0 0 0 64875920
113 61988691 1032146 1698922 45136 0 0 36273 74732 64865916 9636 337 6 0 0 0 5 64875680 0 0 0 220 0 0 0 64875900
114 63160366 640971 1014421 20921 0 0 14341 24860 64866205 9329 342 2 0 0 0 2 64875667 0 0 0 213 0 0 0 64875880
115 63330274 570756 920163 19603 0 0 11798 23258 64866230 9267 351 2 0 0 0 2 64875633 0 0 0 219 0 0 0 64875852
116 63462107 516166 846479 18557 0 0 10637 21873 64866256 9212 348 2 0 0 0 1 64875564 0 0 0 255 0 0 0 64875819
117 63560304 474810 791459 18319 0 0 9430 21479 64865923 9643 230 0 0 0 0 5 64875614 0 0 0 187 0 0 0 64875801
118 63759805 367266 727216 5616 0 0 8500 7372 64875414 136 225 0 0 0 0 0 64875775 0 0 0 0 0 0 0 64875775
119 63861783 325097 673518 3496 0 0 7166 4693 64875268 175 310 0 0 0 0 0 64875753 0 0 0 0 0 0 0 64875753
