0 116185560 8102870 9853765 1060080 0 0 162823 35113235 152283178 8089538 7895954 749794 0 0 0 1459869 159937559 0 0 0 10540774 0 0 0 170478333
1 106547855 10814588 13063591 1705523 0 0 355513 37991154 150991523 8681240 8383748 813245 0 0 0 1608468 159213007 0 0 0 11265217 0 0 0 170478224
2 104849787 11987544 13891363 1897758 0 0 415180 37436481 151394589 8523489 8200886 793356 0 0 0 1565793 159407177 0 0 0 11070936 0 0 0 170478113
3 98775989 13744971 16826249 2369717 0 0 618749 38142341 151562702 8472858 8111128 777097 0 0 0 1554231 159499890 0 0 0 10978126 0 0 0 170478016
4 98036185 14028149 17119194 2426929 0 0 646470 38220999 151637193 8412465 8109855 777589 0 0 0 1540824 159477004 0 0 0 11000922 0 0 0 170477926
5 97480256 14073031 17189399 2472416 0 0 653777 38608955 151421246 8498355 8215013 786373 0 0 0 1556847 159396653 0 0 0 11081181 0 0 0 170477834
6 96862595 14226662 17196185 2490552 0 0 657136 39044600 151170393 8596691 8324584 804912 0 0 0 1581150 159202171 0 0 0 11275559 0 0 0 170477730
7 97180598 14338273 17365967 2519128 0 0 672104 38401572 151508386 8481338 8143300 788169 0 0 0 1556449 159466439 0 0 0 11011203 0 0 0 170477642
8 96380838 14467791 17368999 2520728 0 0 673625 39065543 151131022 8664215 8279887 805599 0 0 0 1596801 159189540 0 0 0 11287984 0 0 0 170477524
9 94835861 14584613 17605122 2597882 0 0 694821 40159106 150588641 8916241 8487296 828600 0 0 0 1656627 158889003 0 0 0 11588402 0 0 0 170477405
10 96929079 14699535 17925441 2605828 0 0 723139 37594285 152092790 8231799 7907703 757436 0 0 0 1487579 159754659 0 0 0 10722648 0 0 0 170477307
11 92882974 14632955 17982344 2685784 0 0 722900 41570254 149876127 9191563 8821842 866299 0 0 0 1721380 158442312 0 0 0 12034899 0 0 0 170477211
12 92923361 14990074 18630651 2806159 0 0 779213 40347648 150644430 8837742 8520573 834639 0 0 0 1639722 158893484 0 0 0 11583622 0 0 0 170477106
13 94680275 14962581 18687484 2762003 0 0 783789 38600868 151511869 8509922 8111283 787662 0 0 0 1556264 159450826 0 0 0 11026174 0 0 0 170477000
14 90962528 15151247 18841600 2852832 0 0 796076 41872598 149768996 9264771 8827293 872735 0 0 0 1743086 158426239 0 0 0 12050642 0 0 0 170476881
15 92398005 15284624 19296412 2899413 0 0 839357 39758947 151007989 8758568 8288325 809089 0 0 0 1612787 159112751 0 0 0 11364007 0 0 0 170476758
16 91072931 15255708 19111651 2900816 0 0 819906 41315642 150150523 9084415 8689716 854259 0 0 0 1697741 158597003 0 0 0 11879651 0 0 0 170476654
17 91834460 15409944 19757056 2977379 0 0 877188 39620512 151190179 8640752 8258312 803105 0 0 0 1584191 159197563 0 0 0 11278976 0 0 0 170476539
18 90986153 15327106 19385631 2937058 0 0 842905 40997566 150347513 8973558 8636278 849699 0 0 0 1669371 158694781 0 0 0 11781638 0 0 0 170476419
19 90260137 15486225 19654023 3019356 0 0 869691 41186876 150235179 9058390 8641279 849606 0 0 0 1691854 158708148 0 0 0 11768160 0 0 0 170476308
20 91201425 15542533 19522129 2976077 0 0 858308 40375720 150672062 8872773 8456053 829975 0 0 0 1645329 158933193 0 0 0 11542999 0 0 0 170476192
21 91016017 15548757 19649858 2993805 0 0 869901 40397744 150702046 8885605 8425375 822999 0 0 0 1640057 158970315 0 0 0 11505767 0 0 0 170476082
22 90873039 15552090 19686566 3005750 0 0 871644 40486881 150712716 8836040 8473432 821266 0 0 0 1632516 158938236 0 0 0 11537734 0 0 0 170475970
23 91829451 15432524 19811818 2980725 0 0 881840 39539488 151221578 8620732 8252205 801480 0 0 0 1579851 159207477 0 0 0 11268369 0 0 0 170475846
24 91666017 15429627 19671477 2957139 0 0 868544 39882935 150985755 8698316 8372030 817066 0 0 0 1602572 159101582 0 0 0 11374157 0 0 0 170475739
25 91187422 15435377 19691030 2976876 0 0 870812 40314124 150715612 8854540 8438434 828620 0 0 0 1638435 158974132 0 0 0 11501509 0 0 0 170475641
26 90714985 15522548 19523122 2981780 0 0 855914 40877174 150396591 8985026 8578465 845077 0 0 0 1670364 158791100 0 0 0 11684423 0 0 0 170475523
27 90406570 15536566 19662483 3006626 0 0 869927 40993216 150374729 9023036 8563485 837849 0 0 0 1676289 158734480 0 0 0 11740908 0 0 0 170475388
28 90650473 15581074 19773785 3017888 0 0 878378 40573672 150674071 8856732 8481752 825283 0 0 0 1637432 158886523 0 0 0 11588747 0 0 0 170475270
29 91443706 15505642 19947412 3009010 0 0 891324 39678047 151167164 8647790 8276405 799847 0 0 0 1583935 159160098 0 0 0 11315043 0 0 0 170475141
30 91101956 15485250 19784220 2988932 0 0 876897 40237738 150842237 8763012 8436374 822171 0 0 0 1611199 158998814 0 0 0 11476179 0 0 0 170474993
31 128993670 14577892 21089863 1983080 0 0 1036273 2794049 170439787 2082 32746 68 0 0 0 144 170473722 0 0 0 1105 0 0 0 170474827
32 140321214 10811113 16263113 880489 0 0 677566 1521146 170438847 2061 33553 58 0 0 0 122 170473550 0 0 0 1091 0 0 0 170474641
33 144061851 9125934 14767279 680478 0 0 577359 1261543 170440384 2009 31853 77 0 0 0 121 170473377 0 0 0 1067 0 0 0 170474444
34 154767685 5579009 9355899 219156 0 0 265208 287279 170439532 1987 32494 71 0 0 0 152 170473105 0 0 0 1131 0 0 0 170474236
35 156257637 4936847 8632587 182233 0 0 226734 237948 170440575 1915 31284 80 0 0 0 132 170472934 0 0 0 1052 0 0 0 170473986
36 157485406 4484307 7946299 157263 0 0 195913 204513 170440151 1785 31560 77 0 0 0 128 170472612 0 0 0 1089 0 0 0 170473701
37 158493375 4090247 7392799 141318 0 0 174078 181551 170438882 1599 32681 67 0 0 0 139 170472283 0 0 0 1085 0 0 0 170473368
38 159871009 3638389 6614696 82068 0 0 146104 120726 170468735 1541 2506 82 0 0 0 128 170472033 0 0 0 959 0 0 0 170472992
39 160742645 3281005 6154924 65954 0 0 128922 99147 170467168 2073 3160 65 0 0 0 131 170471620 0 0 0 977 0 0 0 170472597
40 113837924 8130185 9688688 1063492 0 0 149735 37602133 150967226 8703597 8393753 811239 0 0 0 1596342 159248811 0 0 0 11223346 0 0 0 170472157
41 105573202 10931782 13160510 1757698 0 0 367699 38680787 150731831 8811483 8480459 821873 0 0 0 1626032 159087082 0 0 0 11384596 0 0 0 170471678
42 105026081 11977312 13906065 1910185 0 0 424743 37226799 151605894 8433318 8112197 785806 0 0 0 1533970 159540696 0 0 0 10930489 0 0 0 170471185
43 96501718 13851119 16921277 2437580 0 0 633768 40125180 150507288 8940200 8528302 834376 0 0 0 1660476 158935784 0 0 0 11534858 0 0 0 170470642
44 94506170 14231912 17150494 2529087 0 0 657775 41394606 149877364 9211405 8781637 868688 0 0 0 1730950 158533154 0 0 0 11936890 0 0 0 170470044
45 94381918 14439525 17247111 2589042 0 0 672953 41138823 150061401 9155965 8690938 853489 0 0 0 1707579 158649196 0 0 0 11820176 0 0 0 170469372
46 93108086 14633070 17507949 2649806 0 0 692783 41877003 149749873 9257103 8857031 870318 0 0 0 1734372 158381668 0 0 0 12087029 0 0 0 170468697
47 92126549 14770544 17860259 2735967 0 0 723506 42251212 149589147 9316633 8928046 882439 0 0 0 1751772 158267957 0 0 0 12200080 0 0 0 170468037
48 91862215 14921155 18013293 2765685 0 0 737976 42166979 149625173 9292077 8915931 885528 0 0 0 1748594 158276974 0 0 0 12190329 0 0 0 170467303
49 90919398 15040400 18237836 2817426 0 0 757894 42693637 149312201 9465888 8999519 898695 0 0 0 1790288 158133997 0 0 0 12332594 0 0 0 170466591
50 90513452 15272028 18419163 2872155 0 0 778426 42610710 149408326 9415762 8969510 893398 0 0 0 1778938 158182878 0 0 0 12283056 0 0 0 170465934
51 89790015 15339499 18694292 2923434 0 0 800060 42918012 149264671 9501372 9007958 894215 0 0 0 1797096 158054481 0 0 0 12410831 0 0 0 170465312
52 90213815 15474158 19090250 2975689 0 0 835598 41875173 149959447 9171072 8758305 861235 0 0 0 1714624 158411658 0 0 0 12053025 0 0 0 170464683
53 89341284 15398742 19341847 3020910 0 0 856914 42504409 149610595 9325144 8903669 878395 0 0 0 1746303 158240048 0 0 0 12224058 0 0 0 170464106
54 88889194 15554027 19575775 3073722 0 0 876912 42493924 149640322 9292040 8905442 883351 0 0 0 1742399 158253117 0 0 0 12210437 0 0 0 170463554
55 88513223 15596317 19699054 3102270 0 0 887733 42664393 149489716 9391501 8921780 889547 0 0 0 1770446 158211912 0 0 0 12251078 0 0 0 170462990
56 89779079 15796542 19919001 3103405 0 0 908260 40956236 150480734 8969946 8512283 837943 0 0 0 1661617 158804377 0 0 0 11658146 0 0 0 170462523
57 88224492 15704640 19792073 3104858 0 0 898268 42737673 149481242 9422135 8904971 883333 0 0 0 1770323 158213483 0 0 0 12248521 0 0 0 170462004
58 87004897 15799440 19951843 3184573 0 0 913921 43606846 149113602 9530522 9107539 905645 0 0 0 1804212 157929145 0 0 0 12532375 0 0 0 170461520
59 88024293 15788930 20152945 3197363 0 0 928718 42368804 149782850 9249233 8833838 868647 0 0 0 1726485 158348876 0 0 0 12112177 0 0 0 170461053
60 86617002 15864815 20120728 3230051 0 0 926880 43701129 149054164 9529756 9152821 916006 0 0 0 1807858 157936105 0 0 0 12524500 0 0 0 170460605
61 88365045 15996326 20457047 3250385 0 0 957750 41433585 150307237 9032573 8596810 846062 0 0 0 1677456 158753727 0 0 0 11706411 0 0 0 170460138
62 87562780 15917133 20018694 3185679 0 0 918073 42857295 149454136 9388906 8957122 890184 0 0 0 1769306 158262613 0 0 0 12197041 0 0 0 170459654
63 87565971 15963097 20273946 3225356 0 0 944075 42486690 149733344 9298988 8811085 871293 0 0 0 1744425 158412609 0 0 0 12046526 0 0 0 170459135
64 87741377 15877831 20108999 3196393 0 0 927671 42606397 149657077 9297220 8888136 875914 0 0 0 1740321 158336732 0 0 0 12121936 0 0 0 170458668
65 87324106 15873787 20345662 3243643 0 0 946899 42724008 149628247 9303387 8900918 879182 0 0 0 1746371 158336097 0 0 0 12122008 0 0 0 170458105
66 88635506 15928062 20358909 3212606 0 0 946111 41376358 150356783 8966213 8625723 847282 0 0 0 1661551 158775395 0 0 0 11682157 0 0 0 170457552
67 88738274 15862090 20269201 3184136 0 0 938228 41465047 150229927 9054960 8638954 848274 0 0 0 1684861 158766888 0 0 0 11690088 0 0 0 170456976
68 88303993 15905856 20138698 3171733 0 0 927081 42008986 149923186 9187643 8758534 867557 0 0 0 1719427 158558584 0 0 0 11897763 0 0 0 170456347
69 88786601 15836290 20126478 3160905 0 0 923522 41621928 150133201 9120893 8655942 848671 0 0 0 1697017 158688731 0 0 0 11766993 0 0 0 170455724
70 88297829 15823506 20113949 3164654 0 0 921460 42133669 149892440 9191605 8791578 864169 0 0 0 1715275 158498369 0 0 0 11956698 0 0 0 170455067
71 92113119 15924941 20592111 3154807 0 0 960187 37709190 152368169 8112076 7780310 740045 0 0 0 1453755 159883236 0 0 0 10571119 0 0 0 170454355
72 93999364 15668588 20174363 2976977 0 0 920870 36713459 152795098 7913753 7612117 724081 0 0 0 1408572 160118678 0 0 0 10334943 0 0 0 170453621
73 93083198 15485549 19946453 2953426 0 0 898347 38085988 151964707 8303700 7920927 761901 0 0 0 1501726 159674962 0 0 0 10777999 0 0 0 170452961
74 94908411 15397815 19572097 2862069 0 0 868063 36843831 152576149 8038053 7668879 731660 0 0 0 1437545 160031905 0 0 0 10420381 0 0 0 170452286
75 94569637 15246285 19388275 2834800 0 0 848296 37564321 152155514 8243512 7824176 746778 0 0 0 1481634 159794350 0 0 0 10657264 0 0 0 170451614
76 94479274 15308404 19530890 2860212 0 0 859595 37412641 152315300 8143941 7786572 743854 0 0 0 1461349 159854390 0 0 0 10596626 0 0 0 170451016
77 95120646 15172560 19525380 2841056 0 0 856696 36934135 152547659 8043261 7695261 730205 0 0 0 1434087 159973549 0 0 0 10476924 0 0 0 170450473
78 85017721 15078564 18957697 3088329 0 0 809835 47497834 146695751 10475882 10176509 1037219 0 0 0 2064619 156960827 0 0 0 13489153 0 0 0 170449980
79 82889545 15676134 19747006 3399299 0 0 886737 47850780 146618587 10541756 10160483 1042485 0 0 0 2086190 156975909 0 0 0 13473592 0 0 0 170449501
80 88313923 16176827 20214515 3300792 0 0 923514 41519490 150185073 9065819 8652519 852334 0 0 0 1693316 158728153 0 0 0 11720908 0 0 0 170449061
81 88532347 16178551 20689714 3271252 0 0 969493 40807309 150726217 8861118 8409458 817127 0 0 0 1634746 159015009 0 0 0 11433657 0 0 0 170448666
82 89639427 15997504 20568632 3180893 0 0 957349 40104485 151113708 8670985 8279127 801785 0 0 0 1582685 159201804 0 0 0 11246486 0 0 0 170448290
83 90069006 15589330 20013906 3082317 0 0 901530 40791868 150562890 8899570 8516709 829959 0 0 0 1638829 158881037 0 0 0 11566920 0 0 0 170447957
84 89665513 15618934 19870457 3078504 0 0 888324 41325940 150235068 9025390 8659253 854933 0 0 0 1673028 158687400 0 0 0 11760272 0 0 0 170447672
85 90007799 15651539 19902259 3082599 0 0 889863 40913363 150408867 8976679 8556529 841003 0 0 0 1664344 158823471 0 0 0 11623951 0 0 0 170447422
86 89550224 15737191 19784506 3078377 0 0 882048 41414869 150149105 9099620 8656364 851823 0 0 0 1690303 158670228 0 0 0 11776987 0 0 0 170447215
87 89631531 15728154 19943674 3093212 0 0 895634 41154812 150319677 9042308 8566288 841424 0 0 0 1677320 158735476 0 0 0 11711541 0 0 0 170447017
88 89627602 15691626 19901228 3085355 0 0 890047 41250974 150295682 9028126 8608012 842779 0 0 0 1672233 158718844 0 0 0 11727988 0 0 0 170446832
89 89106727 15630519 20063054 3114465 0 0 901300 41630601 150101850 9104502 8693816 855485 0 0 0 1691013 158553506 0 0 0 11893160 0 0 0 170446666
90 89714190 15723747 20093374 3119138 0 0 904931 40891138 150510200 8899865 8552049 839981 0 0 0 1644423 158853523 0 0 0 11592995 0 0 0 170446518
91 89437700 15676065 20062447 3115761 0 0 901453 41252963 150243471 9056035 8617713 848739 0 0 0 1680431 158730621 0 0 0 11715768 0 0 0 170446389
92 89490555 15799992 20010941 3114227 0 0 896635 41133921 150320024 9014722 8587965 846508 0 0 0 1677052 158785647 0 0 0 11660624 0 0 0 170446271
93 90013686 15679289 20016966 3073748 0 0 896860 40765587 150520690 8961837 8478109 830266 0 0 0 1655234 158837011 0 0 0 11609125 0 0 0 170446136
94 89746540 15700309 19995259 3080633 0 0 894432 41028845 150423773 8971744 8556559 835269 0 0 0 1658673 158778794 0 0 0 11667224 0 0 0 170446018
95 88031586 15589098 19988991 3125455 0 0 890566 42820224 149424197 9396711 8967938 890072 0 0 0 1767002 158188260 0 0 0 12257660 0 0 0 170445920
96 88860801 15742110 20106986 3139941 0 0 903057 41692918 150033651 9117154 8735322 863696 0 0 0 1695990 158530221 0 0 0 11915592 0 0 0 170445813
97 88004772 15706826 20013754 3150404 0 0 893129 42676804 149440107 9404382 8938128 889015 0 0 0 1774057 158259643 0 0 0 12186046 0 0 0 170445689
98 87261786 15892223 20083908 3189255 0 0 903398 43115008 149257037 9481609 9011749 903100 0 0 0 1792083 158125308 0 0 0 12320270 0 0 0 170445578
99 88018492 15892499 20150388 3191006 0 0 907700 42285383 149720372 9303964 8808761 869281 0 0 0 1743090 158419198 0 0 0 12026270 0 0 0 170445468
100 88040706 15888815 20206018 3185264 0 0 912219 42212330 149827098 9225143 8802544 867738 0 0 0 1722829 158437180 0 0 0 12008172 0 0 0 170445352
101 89422192 15815441 20434577 3168126 0 0 929803 40675102 150688627 8852767 8450988 824210 0 0 0 1628649 158936191 0 0 0 11509050 0 0 0 170445241
102 90925528 15739450 20258081 3083216 0 0 911816 39527031 151265243 8572013 8244516 798556 0 0 0 1564794 159299668 0 0 0 11145454 0 0 0 170445122
103 87712163 15579826 19892901 3104149 0 0 879883 43276084 149074842 9553561 9094052 912317 0 0 0 1810234 158063482 0 0 0 12381524 0 0 0 170445006
104 88008015 15784683 19969245 3143715 0 0 888440 42650804 149458770 9393340 8934102 890723 0 0 0 1767967 158270954 0 0 0 12173948 0 0 0 170444902
105 89457543 15771911 20037587 3111337 0 0 892587 41173815 150293501 9060777 8566133 840897 0 0 0 1683472 158746756 0 0 0 11698024 0 0 0 170444780
106 88611012 15823990 20196856 3146615 0 0 907467 41758720 150070965 9113205 8705732 857346 0 0 0 1697412 158574163 0 0 0 11870497 0 0 0 170444660
107 88876572 15710032 20302526 3148106 0 0 913063 41494255 150209091 9056739 8653460 848103 0 0 0 1677161 158673529 0 0 0 11771025 0 0 0 170444554
108 88264636 15690604 20057668 3134195 0 0 891098 42406249 149641912 9269253 8907709 884520 0 0 0 1741056 158355379 0 0 0 12089071 0 0 0 170444450
109 87781286 15736863 20155798 3167840 0 0 900428 42702138 149440613 9403176 8939060 892262 0 0 0 1769242 158283055 0 0 0 12161298 0 0 0 170444353
110 88069621 15846636 20080185 3154190 0 0 896768 42396855 149619061 9320717 8873973 879190 0 0 0 1751314 158353574 0 0 0 12090681 0 0 0 170444255
111 126853019 15484444 21738131 2205454 0 0 1076893 3086196 170367531 73314 3278 9 0 0 0 5 170442965 0 0 0 1172 0 0 0 170444137
112 138061729 11706732 17090632 1065392 0 0 728170 1791363 170366339 74734 2933 3 0 0 0 9 170442838 0 0 0 1180 0 0 0 170444018
113 142117955 9895044 15500821 832361 0 0 619364 1478385 170369161 72020 2737 6 0 0 0 6 170442729 0 0 0 1201 0 0 0 170443930
114 153258908 6334282 9793535 344673 0 0 286257 426171 170367242 73651 2914 7 0 0 0 12 170442577 0 0 0 1249 0 0 0 170443826
115 154866550 5702869 8960544 300939 0 0 244942 367890 170369934 71004 2784 6 0 0 0 6 170442618 0 0 0 1116 0 0 0 170443734
116 156152723 5263561 8216470 271298 0 0 212257 327335 170371421 69413 2795 6 0 0 0 9 170442594 0 0 0 1050 0 0 0 170443644
117 157173918 4842904 7683689 252207 0 0 188818 302011 170369417 72135 1981 3 0 0 0 11 170442418 0 0 0 1129 0 0 0 170443547
118 158914169 3973286 7111642 117295 0 0 168111 158933 170440724 866 1846 0 0 0 0 0 170443436 0 0 0 0 0 0 0 170443436
119 159908713 3527897 6652261 87962 0 0 146825 119669 170439175 1582 2570 0 0 0 0 0 170443323 0 0 0 4 0 0 0 170443327
