0 114531197 5020320 5973137 600127 0 0 66598 18002716 134969186 4209643 4000070 352599 0 0 0 662597 138914474 0 0 0 5279621 0 0 0 144194095
1 109324048 6756361 7929404 891890 0 0 140761 19151541 134502369 4417254 4195169 373101 0 0 0 706112 138642284 0 0 0 5551721 0 0 0 144194005
2 109319940 7445258 8355082 960165 0 0 156880 17956600 135167889 4156509 3877541 340951 0 0 0 651035 138999440 0 0 0 5194485 0 0 0 144193925
3 105640570 8380335 10058599 1111841 0 0 234884 18767620 134908080 4267294 3993231 350039 0 0 0 675205 138866061 0 0 0 5327788 0 0 0 144193849
4 105812572 8614782 10222417 1137455 0 0 246279 18160262 135238918 4133863 3838569 336784 0 0 0 645633 139037713 0 0 0 5156054 0 0 0 144193767
5 104619868 8578089 10170599 1141020 0 0 243662 19440443 134556328 4401559 4161532 370790 0 0 0 703472 138684191 0 0 0 5509490 0 0 0 144193681
6 105232108 8857698 10293083 1174987 0 0 250292 18385440 135136763 4165021 3896791 344314 0 0 0 650719 138963434 0 0 0 5230174 0 0 0 144193608
7 105237438 8764717 10231191 1151145 0 0 248962 18560085 135054723 4182925 3948285 348797 0 0 0 658808 138926500 0 0 0 5267038 0 0 0 144193538
8 105922637 8866108 10365895 1151652 0 0 257263 17629905 135541876 4001268 3708155 324432 0 0 0 617729 139184854 0 0 0 5008606 0 0 0 144193460
9 105058495 8869873 10325429 1162172 0 0 254924 18522487 135060033 4220005 3906724 344634 0 0 0 661984 138920867 0 0 0 5272513 0 0 0 144193380
10 105712349 8817945 10515911 1146143 0 0 264395 17736574 135483397 4017348 3738033 328529 0 0 0 626010 139179060 0 0 0 5014257 0 0 0 144193317
11 103825224 8933132 10633531 1190700 0 0 264089 19346557 134607104 4405763 4115304 367694 0 0 0 697368 138674682 0 0 0 5518551 0 0 0 144193233
12 103919630 9097130 11035751 1219616 0 0 282952 18638077 135039667 4204801 3939995 349614 0 0 0 659079 138912936 0 0 0 5280220 0 0 0 144193156
13 105444848 9027935 11035462 1192201 0 0 283705 17208948 135778495 3880194 3619441 317698 0 0 0 597271 139334841 0 0 0 4858258 0 0 0 144193099
14 103846301 9169542 11230893 1227778 0 0 288171 18430323 135146832 4184071 3869435 340906 0 0 0 651764 138965312 0 0 0 5227696 0 0 0 144193008
15 105017993 9087487 11347164 1208338 0 0 298938 17233012 135773560 3905698 3598553 314027 0 0 0 601094 139332472 0 0 0 4860460 0 0 0 144192932
16 104172425 9121495 11244293 1218365 0 0 289429 18146852 135275050 4137799 3801823 335474 0 0 0 642713 139050347 0 0 0 5142512 0 0 0 144192859
17 104712285 9112623 11480278 1214693 0 0 304167 17368757 135697093 3924321 3642915 321647 0 0 0 606827 139300420 0 0 0 4892383 0 0 0 144192803
18 104049634 9162835 11349490 1222603 0 0 292558 18115616 135300053 4101077 3816428 338095 0 0 0 637083 139048697 0 0 0 5144039 0 0 0 144192736
19 103291139 9247636 11532304 1252608 0 0 302395 18566575 135087838 4188341 3916108 345332 0 0 0 655038 138940566 0 0 0 5252091 0 0 0 144192657
20 104026028 9250988 11471911 1234361 0 0 299469 17909822 135432310 4052711 3749489 329642 0 0 0 628427 139123249 0 0 0 5069330 0 0 0 144192579
21 103632591 9209520 11522759 1234496 0 0 303677 18289454 135227617 4144833 3834862 338299 0 0 0 646886 139030249 0 0 0 5162248 0 0 0 144192497
22 102983159 9269203 11631685 1251919 0 0 307668 18748782 134991277 4245619 3941944 347871 0 0 0 665705 138900111 0 0 0 5292305 0 0 0 144192416
23 104364123 9200601 11620316 1230746 0 0 311131 17465412 135654625 3942978 3664131 323058 0 0 0 607537 139267751 0 0 0 4924578 0 0 0 144192329
24 104302816 9181310 11526804 1220401 0 0 301996 17658917 135559811 3980967 3707555 328239 0 0 0 615672 139206572 0 0 0 4985672 0 0 0 144192244
25 104134685 9209899 11560491 1231711 0 0 304331 17751035 135517269 3996875 3729112 329840 0 0 0 619056 139181462 0 0 0 5010690 0 0 0 144192152
26 103721699 9230483 11443407 1234217 0 0 296445 18265816 135246318 4133797 3832895 337497 0 0 0 641560 139022887 0 0 0 5169180 0 0 0 144192067
27 103859767 9244365 11510151 1240831 0 0 303731 18033132 135363843 4089067 3774743 330092 0 0 0 634232 139089120 0 0 0 5102857 0 0 0 144191977
28 103551160 9234484 11532188 1237527 0 0 302229 18334305 135201942 4158409 3843227 340150 0 0 0 648165 139004558 0 0 0 5187335 0 0 0 144191893
29 104436146 9204770 11613910 1229901 0 0 309888 17397182 135691131 3932615 3642140 321911 0 0 0 604000 139281341 0 0 0 4910456 0 0 0 144191797
30 104122048 9207510 11503695 1225526 0 0 301034 17831871 135475139 4021988 3743355 330241 0 0 0 620961 139150423 0 0 0 5041261 0 0 0 144191684
31 124581638 7123305 10690599 637125 0 0 305311 853587 144173454 950 17071 43 0 0 0 47 144191100 0 0 0 465 0 0 0 144191565
32 129921781 5095767 8244191 281254 0 0 197982 450473 144172818 932 17621 22 0 0 0 55 144190920 0 0 0 528 0 0 0 144191448
33 131633037 4272773 7504611 225488 0 0 175583 379805 144173490 920 16793 31 0 0 0 63 144190764 0 0 0 533 0 0 0 144191297
34 136063281 2754575 5110836 76497 0 0 83012 102918 144172920 845 17286 20 0 0 0 48 144190588 0 0 0 531 0 0 0 144191119
35 136800869 2444746 4723349 64542 0 0 71060 86332 144173277 873 16665 33 0 0 0 50 144190380 0 0 0 518 0 0 0 144190898
36 137377195 2232364 4387907 55902 0 0 61693 75579 144173215 843 16498 33 0 0 0 51 144190152 0 0 0 488 0 0 0 144190640
37 137863142 2040154 4112102 51630 0 0 54842 68490 144172412 776 17104 26 0 0 0 42 144189863 0 0 0 497 0 0 0 144190360
38 138524098 1816273 3728367 29807 0 0 46631 44873 144188079 763 1121 37 0 0 0 49 144189620 0 0 0 429 0 0 0 144190049
39 138983966 1626992 3475762 23846 0 0 42024 37124 144187039 934 1664 34 0 0 0 43 144189263 0 0 0 451 0 0 0 144189714
40 112234118 4904060 5959053 581187 0 0 59169 20451768 133670485 4806226 4528961 406462 0 0 0 777221 138218760 0 0 0 5970595 0 0 0 144189355
41 107761717 6785914 8131152 902235 0 0 146297 20461640 133815377 4732347 4470125 403199 0 0 0 767907 138290983 0 0 0 5897972 0 0 0 144188955
42 108497990 7319764 8499746 929543 0 0 162360 18779115 134748258 4321035 4071370 364290 0 0 0 683565 138786092 0 0 0 5402426 0 0 0 144188518
43 103413048 8483657 10401998 1132044 0 0 245568 20511715 134031480 4638730 4380372 392812 0 0 0 744636 138363930 0 0 0 5824100 0 0 0 144188030
44 102255904 8789202 10593122 1181271 0 0 256506 21111502 133744649 4783317 4480581 403920 0 0 0 775040 138179423 0 0 0 6008084 0 0 0 144187507
45 101762931 8862748 10604612 1196447 0 0 260314 21499897 133516869 4882745 4580591 411993 0 0 0 794751 138090390 0 0 0 6096559 0 0 0 144186949
46 101414120 9109888 10853709 1233189 0 0 272101 21303318 133640726 4838279 4517682 406176 0 0 0 783462 138135285 0 0 0 6051040 0 0 0 144186325
47 100739748 9199657 11037469 1257097 0 0 282724 21669014 133451349 4898024 4617561 420473 0 0 0 798302 138032681 0 0 0 6153028 0 0 0 144185709
48 101684980 9394337 11168136 1276131 0 0 290123 20371376 134168179 4598594 4299567 387505 0 0 0 731238 138399972 0 0 0 5785111 0 0 0 144185083
49 101139568 9358465 11195110 1271117 0 0 290954 20929259 133866719 4719269 4439706 399784 0 0 0 758995 138231272 0 0 0 5953201 0 0 0 144184473
50 100620516 9490068 11397187 1296998 0 0 299413 21079724 133817856 4755269 4445818 401044 0 0 0 763919 138204101 0 0 0 5979805 0 0 0 144183906
51 100621851 9532979 11502795 1314155 0 0 306576 20904966 133888593 4738258 4399923 394721 0 0 0 761827 138236705 0 0 0 5946617 0 0 0 144183322
52 101097678 9582645 11747192 1321350 0 0 317296 20116623 134319364 4547571 4214038 376783 0 0 0 725028 138484723 0 0 0 5698061 0 0 0 144182784
53 100597385 9570161 11936612 1332956 0 0 324918 20420257 134151243 4606937 4300876 387870 0 0 0 735363 138401637 0 0 0 5780652 0 0 0 144182289
54 101355554 9673251 12079465 1344792 0 0 331055 19397690 134713522 4359542 4061828 363069 0 0 0 683846 138711119 0 0 0 5470688 0 0 0 144181807
55 101700077 9639079 12041118 1333843 0 0 329594 19137643 134841950 4304524 4004957 356868 0 0 0 673055 138776445 0 0 0 5404909 0 0 0 144181354
56 102107301 9570347 12084522 1306710 0 0 330983 18781072 135042001 4226570 3910541 345583 0 0 0 656240 138895766 0 0 0 5285169 0 0 0 144180935
57 101821556 9572651 12011962 1317360 0 0 328122 19128891 134827533 4332186 3989286 353002 0 0 0 678535 138781217 0 0 0 5399325 0 0 0 144180542
58 100655622 9670834 12093294 1352256 0 0 329363 20078770 134329053 4551558 4201726 377198 0 0 0 720604 138489695 0 0 0 5690444 0 0 0 144180139
59 100784549 9637367 12214099 1348069 0 0 336703 19859014 134447767 4476967 4173930 372985 0 0 0 708152 138570631 0 0 0 5609170 0 0 0 144179801
60 100262051 9799851 12253225 1378673 0 0 336163 20149514 134309638 4539007 4231730 380573 0 0 0 718529 138480783 0 0 0 5698694 0 0 0 144179477
61 101018836 9740203 12361129 1363962 0 0 345614 19349395 134764369 4324891 4048133 361626 0 0 0 680120 138753923 0 0 0 5425216 0 0 0 144179139
62 99911345 9739543 12275369 1360743 0 0 335108 20556628 134112877 4626045 4317293 385440 0 0 0 737081 138388654 0 0 0 5790082 0 0 0 144178736
63 100834324 9813804 12382855 1375974 0 0 346653 19424734 134706621 4376912 4048771 358300 0 0 0 687740 138730190 0 0 0 5448154 0 0 0 144178344
64 100934728 9720278 12249642 1355972 0 0 336528 19580776 134599305 4427313 4090341 364198 0 0 0 696767 138668498 0 0 0 5509426 0 0 0 144177924
65 100688328 9726128 12377948 1366596 0 0 345908 19672564 134554351 4431124 4122265 370975 0 0 0 698757 138659502 0 0 0 5517970 0 0 0 144177472
66 101266829 9672642 12257124 1340763 0 0 336628 19303005 134764427 4324870 4046674 361462 0 0 0 679558 138767170 0 0 0 5409821 0 0 0 144176991
67 101316081 9676247 12219454 1344229 0 0 336467 19284017 134765709 4322972 4050158 359861 0 0 0 677795 138775472 0 0 0 5401023 0 0 0 144176495
68 101042768 9696540 12188421 1343523 0 0 332862 19571843 134623993 4402097 4091813 362580 0 0 0 695474 138678030 0 0 0 5497927 0 0 0 144175957
69 101636008 9637906 12176717 1331512 0 0 335523 19057707 134868275 4301674 3980971 351567 0 0 0 672886 138838748 0 0 0 5336625 0 0 0 144175373
70 101314882 9610114 12159821 1329562 0 0 332680 19427748 134668885 4390083 4063763 361286 0 0 0 690790 138717012 0 0 0 5457795 0 0 0 144174807
71 105835019 9518440 12106060 1276160 0 0 340165 15098352 136928005 3369364 3107625 268069 0 0 0 501133 139968726 0 0 0 4205470 0 0 0 144174196
72 107935777 9068770 11534004 1155289 0 0 310176 14169555 137365332 3168497 2923465 250222 0 0 0 466055 140205570 0 0 0 3968001 0 0 0 144173571
73 107719588 8932375 11331482 1140355 0 0 300090 14749065 137050351 3309208 3058973 263886 0 0 0 490537 140016387 0 0 0 4156568 0 0 0 144172955
74 109193333 8651022 10821384 1082835 0 0 276743 14147014 137323902 3198586 2929740 249469 0 0 0 470634 140180238 0 0 0 3992093 0 0 0 144172331
75 109217811 8506806 10636165 1063390 0 0 268618 14478983 137121411 3294019 3014350 256023 0 0 0 485970 140078119 0 0 0 4093654 0 0 0 144171773
76 109270672 8501871 10663900 1064511 0 0 270278 14400018 137159305 3277966 2991172 256344 0 0 0 486463 140103869 0 0 0 4067381 0 0 0 144171250
77 109895543 8411633 10551468 1051712 0 0 265560 13994846 137357824 3180290 2915430 249494 0 0 0 467724 140210183 0 0 0 3960579 0 0 0 144170762
78 96026984 8744582 11079670 1265920 0 0 261642 26791527 130644206 6075242 5850452 550498 0 0 0 1049927 136663026 0 0 0 7507299 0 0 0 144170325
79 93196762 9681978 12288875 1514122 0 0 326322 27161866 130601280 6081785 5878102 551928 0 0 0 1056830 136640465 0 0 0 7529460 0 0 0 144169925
80 100494849 10086044 12444236 1450346 0 0 340399 19353692 134752036 4338553 4038778 357050 0 0 0 683149 138755687 0 0 0 5413879 0 0 0 144169566
81 100729209 9966407 12926214 1396398 0 0 373671 18777332 135098455 4190008 3881631 343291 0 0 0 655846 138952405 0 0 0 5216826 0 0 0 144169231
82 103123358 9739265 12674067 1325386 0 0 366553 16940291 136031752 3786165 3470321 303858 0 0 0 576824 139487568 0 0 0 4681352 0 0 0 144168920
83 103544908 9268906 11729953 1241248 0 0 315107 18068518 135325939 4080008 3795642 334938 0 0 0 632113 139083886 0 0 0 5084754 0 0 0 144168640
84 103616642 9330484 11664266 1250437 0 0 309818 17996735 135373931 4059772 3772836 333679 0 0 0 628164 139096353 0 0 0 5072029 0 0 0 144168382
85 103062487 9234452 11505318 1238693 0 0 300386 18826825 134927189 4241740 3980937 353600 0 0 0 664695 138840239 0 0 0 5327922 0 0 0 144168161
86 103262095 9385789 11641095 1257792 0 0 307103 18314109 135213472 4141389 3833349 337741 0 0 0 642032 139003732 0 0 0 5164251 0 0 0 144167983
87 102879427 9299584 11635773 1247484 0 0 309013 18796551 134949444 4257036 3944907 349343 0 0 0 667102 138851803 0 0 0 5316029 0 0 0 144167832
88 103492686 9363766 11742254 1259548 0 0 314955 17994506 135373279 4081040 3751346 330194 0 0 0 631856 139112702 0 0 0 5055013 0 0 0 144167715
89 103238669 9282930 11728242 1251176 0 0 312621 18353958 135166113 4155508 3856078 343197 0 0 0 646700 138984483 0 0 0 5183113 0 0 0 144167596
90 103021106 9325566 11837083 1262254 0 0 314535 18406939 135169721 4143793 3866460 343161 0 0 0 644348 138991029 0 0 0 5176454 0 0 0 144167483
91 102700320 9312356 11819819 1262918 0 0 313656 18758318 134985140 4221338 3952757 349574 0 0 0 658578 138874289 0 0 0 5293098 0 0 0 144167387
92 102725756 9392987 11874028 1273110 0 0 316031 18585391 135087263 4192795 3890170 343271 0 0 0 653804 138936596 0 0 0 5230707 0 0 0 144167303
93 103189022 9310721 11874857 1251103 0 0 316767 18224743 135257050 4123474 3808595 335663 0 0 0 642431 139029175 0 0 0 5138038 0 0 0 144167213
94 103620703 9339711 11833041 1252169 0 0 316538 17804966 135469146 4040121 3708006 326433 0 0 0 623422 139165129 0 0 0 5001999 0 0 0 144167128
95 102800235 9333532 11795549 1267118 0 0 313919 18656683 135006735 4232233 3919774 350306 0 0 0 657988 138902340 0 0 0 5264696 0 0 0 144167036
96 103437970 9373813 11769861 1262912 0 0 312364 18010031 135364286 4064154 3776161 334981 0 0 0 627369 139084327 0 0 0 5082624 0 0 0 144166951
97 102944122 9349377 11686433 1264198 0 0 307190 18615544 135044214 4207778 3912104 347834 0 0 0 654934 138916528 0 0 0 5250336 0 0 0 144166864
98 102118383 9471252 11805121 1291642 0 0 311867 19168519 134774330 4342978 4011218 357534 0 0 0 680724 138743150 0 0 0 5423634 0 0 0 144166784
99 102497014 9426873 11813376 1284878 0 0 316042 18828518 134937286 4267508 3943330 349594 0 0 0 668983 138859717 0 0 0 5306984 0 0 0 144166701
100 102333938 9455517 11872763 1290076 0 0 316540 18897789 134902834 4286255 3953862 351277 0 0 0 672395 138843119 0 0 0 5323504 0 0 0 144166623
101 102639819 9369271 11956167 1274483 0 0 324143 18602662 135059978 4194303 3907709 347876 0 0 0 656679 138937096 0 0 0 5229449 0 0 0 144166545
102 103129024 9319036 11882061 1254703 0 0 316376 18265277 135247120 4100075 3840259 339940 0 0 0 639083 139040596 0 0 0 5125881 0 0 0 144166477
103 102026088 9430864 11864574 1288823 0 0 315014 19241058 134728269 4342480 4052544 362321 0 0 0 680807 138739455 0 0 0 5426966 0 0 0 144166421
104 101983561 9504630 11890328 1300684 0 0 315444 19171702 134775086 4340403 4014892 356210 0 0 0 679758 138754330 0 0 0 5412019 0 0 0 144166349
105 103042552 9379877 11867234 1266384 0 0 317954 18292271 135225968 4136864 3821073 338080 0 0 0 644287 139028593 0 0 0 5137679 0 0 0 144166272
106 102422599 9401796 11903679 1273757 0 0 318330 18846020 134936890 4267441 3944641 349681 0 0 0 667528 138862660 0 0 0 5303521 0 0 0 144166181
107 102302817 9357722 11973787 1273404 0 0 321922 18936473 134876268 4275558 3986995 354704 0 0 1 672599 138841708 0 0 0 5324417 0 0 0 144166125
108 101754461 9439552 11907732 1291322 0 0 314690 19458290 134612041 4387497 4106850 367739 0 0 0 691920 138676088 0 0 0 5489959 0 0 0 144166047
109 101837981 9511061 12005435 1306314 0 0 321750 19183422 134770261 4323357 4034805 359662 0 0 0 677878 138765367 0 0 0 5400596 0 0 0 144165963
110 102020497 9542328 11973446 1300683 0 0 319161 19009785 134857283 4300481 3982065 353099 0 0 0 672972 138802514 0 0 0 5363386 0 0 0 144165900
111 122893610 7934823 11164072 797869 0 0 325302 1050144 144084413 79335 2057 7 0 0 0 8 144164278 0 0 0 1542 0 0 0 144165820
112 128050993 5998711 8786815 449326 0 0 220039 659858 144077716 86069 1940 4 0 0 0 13 144164166 0 0 0 1576 0 0 0 144165742
113 129870782 5168848 7979996 380432 0 0 192928 572686 144080570 83020 2066 5 0 0 0 11 144164097 0 0 0 1575 0 0 0 144165672
114 134329916 3730114 5484704 237268 0 0 96433 287164 144078247 85354 1989 4 0 0 0 5 144163957 0 0 0 1642 0 0 0 144165599
115 135106687 3413823 5078410 218384 0 0 84650 263559 144083102 80455 1947 7 0 0 0 2 144163903 0 0 0 1610 0 0 0 144165513
116 135730260 3176978 4730739 205583 0 0 74339 247532 144084613 79106 1708 2 0 0 0 2 144163883 0 0 0 1548 0 0 0 144165431
117 136205524 2982113 4465051 202097 0 0 68404 242166 144082106 82265 970 5 0 0 0 9 144163853 0 0 0 1502 0 0 0 144165355
118 137646202 2172456 4127091 66964 0 0 61470 91092 144163895 434 946 0 0 0 0 0 144165274 0 0 0 1 0 0 0 144165275
119 138262563 1895351 3850892 43562 0 0 52224 60593 144162788 574 1823 0 0 0 0 0 144165184 0 0 0 1 0 0 0 144165185
