0 62163038 1057601 2095460 27793 0 0 35128 35993 65407920 320 6768 1 0 0 0 4 65414991 0 0 0 22 0 0 0 65415013
1 62225047 1120582 1912354 56825 0 0 29956 70249 65385067 29024 904 7 0 0 0 11 65414426 0 0 0 587 0 0 0 65415013
2 44153065 2868269 3399747 331527 0 0 41694 14620711 57437358 3508781 3417575 343782 0 0 0 707517 60399755 0 0 0 5015258 0 0 0 65415013
3 57445011 3058564 4020381 370110 0 0 116476 404471 65383390 30268 1275 33 0 0 0 47 65414043 0 0 0 970 0 0 0 65415013
4 43018816 3408405 3779946 396884 0 0 58078 14752884 57361522 3547524 3435923 349576 0 0 0 720468 60380494 0 0 0 5034519 0 0 0 65415013
5 38098692 4912611 6269226 824160 0 0 206860 15103464 57580970 3446024 3351036 338944 0 0 0 698039 60540197 0 0 0 4874816 0 0 0 65415013
6 55590105 3917364 4782749 466170 0 0 146994 511630 65388736 25273 999 2 0 0 0 2 65414566 0 0 0 446 0 0 0 65415012
7 40694405 4298860 5415081 566663 0 0 150600 14289403 57900745 3318101 3217222 319938 0 0 0 659006 60686976 0 0 0 4728036 0 0 0 65415012
8 34529820 5035703 6317586 885686 0 0 209660 18436557 55662843 4251926 4132664 441870 0 0 0 925709 59413978 0 0 0 6001034 0 0 0 65415012
9 39745793 5163870 5884111 853723 0 0 181939 13585575 58337137 3140538 3025374 299176 0 0 0 612786 61030087 0 0 0 4384924 0 0 0 65415011
10 36456712 5603093 6816368 990022 0 0 242806 15306010 57530622 3484524 3356843 340270 0 0 0 702752 60556497 0 0 0 4858514 0 0 0 65415011
11 35354299 5785590 7363886 1082278 0 0 289862 15539096 57524350 3472292 3371037 340974 0 0 0 706358 60536134 0 0 0 4878877 0 0 0 65415011
12 35375348 5730458 7082565 1060214 0 0 265533 15900893 57245464 3604610 3478982 353016 0 0 0 732939 60345236 0 0 0 5069775 0 0 0 65415011
13 34106157 5860904 7343390 1130681 0 0 287261 16686616 56851885 3774535 3631718 376549 0 0 0 780322 60105503 0 0 0 5309506 0 0 0 65415009
14 32759015 5974887 7477353 1203498 0 0 299067 17701189 56293200 4012680 3856117 405228 0 0 0 847784 59755756 0 0 0 5659253 0 0 0 65415009
15 32996530 6177882 7788444 1271198 0 0 322668 16858287 56822232 3795174 3634717 378299 0 0 0 784587 60140663 0 0 0 5274346 0 0 0 65415009
16 34156251 6285464 8031393 1280167 0 0 341355 15320379 57751781 3395563 3262273 328982 0 0 0 676410 60716067 0 0 0 4698942 0 0 0 65415009
17 32875599 6171593 7954611 1259225 0 0 339494 16814486 56868774 3776275 3616297 374629 0 0 0 779033 60158948 0 0 0 5256060 0 0 0 65415008
18 31475637 6179036 7974088 1318109 0 0 341947 18126190 56132643 4094950 3908073 414165 0 0 0 865176 59712699 0 0 0 5702308 0 0 0 65415007
19 30879426 6273139 8020517 1378501 0 0 347601 18515823 55911814 4175958 4005821 426680 0 0 0 894734 59576473 0 0 0 5838534 0 0 0 65415007
20 30874979 6453759 8324769 1447527 0 0 372088 17941885 56333811 4000613 3838623 400669 0 0 0 841291 59834572 0 0 0 5580435 0 0 0 65415007
21 45805419 6696583 9647333 1163463 0 0 466890 1635319 65406254 551 8201 0 0 0 0 1 65414968 0 0 0 39 0 0 0 65415007
22 34002053 5474489 7320756 930007 0 0 283548 17404154 56299091 4022189 3841989 407404 0 0 0 844334 59812136 0 0 0 5602871 0 0 0 65415007
23 31926136 6047821 8134057 1293861 0 0 359918 17653214 56396996 3984189 3798931 401385 0 0 0 833506 59878444 0 0 0 5536563 0 0 0 65415007
24 33807759 5872047 7266929 1157498 0 0 273985 17036788 56507170 3932699 3763244 393821 0 0 0 818072 59946238 0 0 0 5468768 0 0 0 65415006
25 31667032 6424098 8483657 1419426 0 0 381095 17039697 56862703 3780124 3621333 374373 0 0 0 776472 60139193 0 0 0 5275812 0 0 0 65415005
26 31588403 6421438 8502717 1420064 0 0 382152 17100231 56823650 3793807 3641725 375982 0 0 0 779841 60133338 0 0 0 5281667 0 0 0 65415005
27 30313013 6354280 8355068 1425710 0 0 374785 18592149 55910250 4168923 4010193 429193 0 0 0 896446 59642533 0 0 0 5772472 0 0 0 65415005
28 30739343 6511754 8536435 1484035 0 0 387423 17756014 56441368 3958439 3789157 397679 0 0 0 828361 59933236 0 0 0 5481768 0 0 0 65415004
29 31937292 6566238 8651911 1461986 0 0 395575 16402002 57229918 3625653 3468804 355609 0 0 0 735020 60435603 0 0 0 4979401 0 0 0 65415004
30 31014060 6451725 8598918 1443686 0 0 392505 17514108 56607017 3892439 3722770 387524 0 0 0 805252 60025140 0 0 0 5389862 0 0 0 65415002
31 45802783 6621280 9786573 1139327 0 0 474212 1590828 65407698 476 6826 0 0 0 0 3 65414963 0 0 0 40 0 0 0 65415003
32 51253247 4848426 7691446 483044 0 0 323130 815706 65407532 402 7061 1 0 0 0 3 65414975 0 0 0 24 0 0 0 65414999
33 52962816 4100264 7013896 365274 0 0 287172 685578 65408178 427 6395 0 0 0 0 0 65414992 0 0 0 8 0 0 0 65415000
34 57896078 2595369 4531069 108918 0 0 132840 150725 65407661 398 6939 0 0 0 0 1 65414970 0 0 0 29 0 0 0 65414999
35 58678253 2291034 4127465 86697 0 0 111888 119662 65408231 401 6365 0 0 0 0 2 65414971 0 0 0 28 0 0 0 65414999
36 59195471 2049939 3894612 73900 0 0 99676 101401 65407637 369 6993 0 0 0 0 0 65414974 0 0 0 25 0 0 0 65414999
37 59686938 1850072 3644273 59742 0 0 89390 84582 65408586 348 6061 1 0 0 0 1 65414983 0 0 0 14 0 0 0 65414997
38 60097134 1695224 3422843 48855 0 0 80380 70558 65414028 310 655 0 0 0 0 1 65414987 0 0 0 7 0 0 0 65414994
39 60509046 1555680 3178291 40815 0 0 71031 60132 65413581 365 1048 0 0 0 0 1 65414990 0 0 0 5 0 0 0 65414995
40 42802932 3202837 4215974 379260 0 0 72930 14741059 57378066 3563849 3407984 350497 0 0 0 714596 60409893 0 0 0 5005099 0 0 0 65414992
41 55940707 3353940 5127717 396198 0 0 162786 433644 65406614 588 7753 11 0 0 0 26 65414745 0 0 0 247 0 0 0 65414992
42 40390098 3741812 4523485 467887 0 0 84704 16207007 56568919 3911088 3733481 391333 0 0 0 810172 59866530 0 0 0 5548463 0 0 0 65414993
43 35604340 5254916 6885256 967501 0 0 247340 16455638 56902552 3761272 3606813 371735 0 0 0 772619 60098639 0 0 0 5316352 0 0 0 65414991
44 38328206 5115832 5990613 852342 0 0 180777 14947220 57570071 3480018 3333202 336881 0 0 0 694818 60526197 0 0 0 4888793 0 0 0 65414990
45 34316938 5778697 7157976 1088146 0 0 267820 16805412 56758514 3825330 3654956 383417 0 0 0 792772 60047393 0 0 0 5367596 0 0 0 65414989
46 35597572 5861647 7367567 1098972 0 0 285877 15203350 57725623 3408763 3270296 330268 0 0 0 680035 60690806 0 0 0 4724179 0 0 0 65414985
47 34429088 5790300 7124979 1076664 0 0 268487 16725464 56778850 3819239 3647357 379782 0 0 0 789754 60116166 0 0 0 5298816 0 0 0 65414982
48 49271466 5729159 7974664 861078 0 0 345375 1233239 65413406 435 1138 0 0 0 0 2 65414976 0 0 0 5 0 0 0 65414981
49 36487579 4858444 6066981 713876 0 0 190213 17097883 56331645 4002252 3838173 403600 0 0 0 839306 59761656 0 0 0 5653320 0 0 0 65414976
50 33760067 5678009 7269190 1105504 0 0 284869 17317334 56491462 3930179 3779235 394278 0 0 0 819819 59879736 0 0 0 5535237 0 0 0 65414973
51 52299903 5081561 6398366 664468 0 0 232553 738117 65391494 22080 1388 3 0 0 0 3 65414560 0 0 0 408 0 0 0 65414968
52 35869160 5043085 6473289 776017 0 0 218127 17035289 56414415 3971067 3797763 399786 0 0 0 831936 59859964 0 0 0 5555003 0 0 0 65414967
53 33666834 5745948 7540753 1144636 0 0 308612 17008182 56682534 3854699 3690974 386089 0 0 0 800669 60032578 0 0 0 5382387 0 0 0 65414965
54 36988340 5543083 6745539 995955 0 0 234648 14907400 57680669 3433408 3286871 332172 0 0 0 681845 60654380 0 0 0 4760585 0 0 0 65414965
55 33709773 6047771 7947233 1217411 0 0 332104 16160670 57259841 3614345 3458999 352376 0 0 0 729401 60360372 0 0 0 5054590 0 0 0 65414962
56 32389204 6093764 7992883 1274572 0 0 338770 17325769 56607337 3884391 3729320 389495 0 0 0 804419 59997196 0 0 0 5417766 0 0 0 65414962
57 32126265 6192705 8009302 1310129 0 0 339720 17436840 56500699 3934068 3762668 394375 0 0 0 823151 59927058 0 0 0 5487903 0 0 0 65414961
58 46998998 6330060 9166208 1049388 0 0 425849 1444457 65406801 532 7619 1 0 0 0 7 65414893 0 0 0 67 0 0 0 65414960
59 35128046 5295179 7035747 859660 0 0 260095 16836231 56579238 3913078 3720295 390405 0 0 0 811942 59986460 0 0 0 5428498 0 0 0 65414958
60 33385205 5913026 7987784 1218840 0 0 342300 16567801 57024583 3715620 3555207 364287 0 0 0 755259 60274286 0 0 0 5140670 0 0 0 65414956
61 34142887 5679041 6900360 1075832 0 0 246803 17370031 56268126 4030505 3859675 408014 0 0 0 848634 59806743 0 0 0 5608211 0 0 0 65414954
62 32227002 6338518 8233749 1367211 0 0 359247 16889226 56925782 3754915 3595610 369201 0 0 0 769445 60222996 0 0 0 5191957 0 0 0 65414953
63 35069521 6403756 8408164 1306614 0 0 369201 13857696 58624867 3028711 2899585 283529 0 0 0 578260 61272850 0 0 0 4142102 0 0 0 65414952
64 33127979 6177639 8115281 1255747 0 0 349183 16389123 57123091 3669703 3512607 362398 0 0 0 747153 60338871 0 0 0 5076081 0 0 0 65414952
65 47143416 6296853 9065184 1033843 0 0 424098 1451555 65382815 30823 1304 3 0 0 0 4 65414416 0 0 0 533 0 0 0 65414949
66 35287482 5122976 6802152 822331 0 0 238794 17141214 56356902 3997275 3825029 401849 0 0 0 833894 59837991 0 0 0 5576958 0 0 0 65414949
67 32573885 5921058 7942761 1237248 0 0 339671 17400324 56519103 3923435 3762553 393258 0 0 0 816598 59924055 0 0 0 5490892 0 0 0 65414947
68 34927306 5819334 7176004 1117594 0 0 264577 16110131 57045144 3696951 3556471 364573 0 0 0 751807 60289150 0 0 0 5125796 0 0 0 65414946
69 34192365 6383635 8447759 1324419 0 0 371322 14695441 58168236 3222641 3087728 308160 0 0 0 628176 60987765 0 0 0 4427176 0 0 0 65414941
70 31079029 6132962 8003079 1298897 0 0 340540 18560432 55839140 4217388 4022661 431699 0 0 0 904051 59567469 0 0 0 5847470 0 0 0 65414939
71 31983993 6398106 8368555 1402527 0 0 370544 16891210 56890854 3773837 3601252 373852 0 0 0 775140 60198960 0 0 0 5215975 0 0 0 65414935
72 32507098 6318896 8227913 1346330 0 0 354173 16660522 56994669 3725379 3567887 367087 0 0 0 759910 60251975 0 0 0 5162957 0 0 0 65414932
73 46210062 6478098 9604644 1093940 0 0 461196 1566990 65406806 592 7521 4 0 0 0 7 65414838 0 0 0 92 0 0 0 65414930
74 35525731 5329542 7223860 872531 0 0 271501 16191761 56990558 3726116 3572749 367853 0 0 0 757650 60212441 0 0 0 5202485 0 0 0 65414926
75 33155512 5899419 7973634 1206815 0 0 337603 16841941 56806002 3804915 3641287 378499 0 0 0 784221 60127580 0 0 0 5287344 0 0 0 65414924
76 34388010 5743163 7059572 1089963 0 0 255219 16878996 56537782 3921224 3747126 392976 0 0 0 815815 60005851 0 0 0 5409072 0 0 0 65414923
77 46959214 6333465 9215975 1038640 0 0 422872 1444756 65406945 528 7438 2 0 0 0 9 65414842 0 0 0 80 0 0 0 65414922
78 51834868 4656613 7383640 450210 0 0 301405 788186 65406336 7457 1127 0 0 0 0 2 65414845 0 0 0 77 0 0 0 65414922
79 35996791 4771163 6684165 745280 0 0 232411 16985112 56457152 3939004 3801768 397164 0 0 0 819834 59944170 0 0 0 5470752 0 0 0 65414922
80 52748963 4478889 6737097 567224 0 0 253047 629700 65407617 502 6800 0 0 0 0 1 65414889 0 0 0 31 0 0 0 65414920
81 38907905 4339326 5459538 584472 0 0 139950 15983729 56741929 3829610 3670161 382825 0 0 0 790395 60052730 0 0 0 5362190 0 0 0 65414920
82 34871976 5718848 7844740 1126676 0 0 320466 15532211 57543855 3494401 3338389 339542 0 0 0 698730 60565787 0 0 0 4849130 0 0 0 65414917
83 35869202 5450659 6730036 982208 0 0 227716 16155094 56889544 3768978 3604948 374461 0 0 0 776984 60170671 0 0 0 5244244 0 0 0 65414915
84 32796390 6096091 8005840 1273491 0 0 331404 16911699 56822963 3796168 3638731 375436 0 0 0 781617 60114390 0 0 0 5300525 0 0 0 65414915
85 47723293 6147961 8786562 996986 0 0 390800 1369313 65383841 29775 1284 9 0 0 0 6 65414354 0 0 0 561 0 0 0 65414915
86 36768472 5140865 6918461 805758 0 0 245589 15535769 57337097 3571145 3435819 350659 0 0 0 720194 60413693 0 0 0 5001221 0 0 0 65414914
87 34936138 5734591 7713942 1107469 0 0 313944 15608830 57473123 3523072 3371438 342819 0 0 0 704462 60542116 0 0 0 4872798 0 0 0 65414914
88 52248589 4923436 6709739 606610 0 0 245266 681271 65406592 6934 1379 3 0 0 0 3 65414832 0 0 0 79 0 0 0 65414911
89 36896151 4982008 6560782 754166 0 0 219850 16001954 56979359 3730160 3572716 368730 0 0 0 763946 60210325 0 0 0 5204586 0 0 0 65414911
90 33395713 5635487 7420598 1103525 0 0 289889 17569697 56308394 4013204 3847903 404081 0 0 0 841327 59754261 0 0 0 5660648 0 0 0 65414909
91 51789738 5100542 6864971 666146 0 0 254222 739290 65405749 7754 1381 8 0 0 0 17 65414671 0 0 0 238 0 0 0 65414909
92 36777055 5031438 6653563 770010 0 0 223940 15958902 57057651 3692719 3550413 364333 0 0 0 749792 60242408 0 0 0 5172500 0 0 0 65414908
93 33400789 5697120 7599592 1127495 0 0 307720 17282192 56504570 3925310 3768207 396341 0 0 0 820480 59940109 0 0 0 5474799 0 0 0 65414908
94 34200014 5570346 6733375 1044351 0 0 230087 17636735 56043289 4123341 3947861 420463 0 0 0 879954 59626914 0 0 0 5787994 0 0 0 65414908
95 31562718 6190405 7983297 1327492 0 0 332030 18018965 56157071 4081783 3896332 413502 0 0 0 866219 59712530 0 0 0 5702377 0 0 0 65414907
96 31158393 6290134 8175492 1379150 0 0 350937 18060800 56216543 4057583 3877296 409377 0 0 0 854107 59744822 0 0 0 5670084 0 0 0 65414906
97 31412372 6393503 8348606 1407241 0 0 367386 17485798 56597072 3891119 3730605 388294 0 0 0 807816 59997972 0 0 0 5416934 0 0 0 65414906
98 30925910 6363824 8275099 1400720 0 0 360549 18088804 56226811 4053651 3873561 409717 0 0 0 851166 59776391 0 0 0 5638515 0 0 0 65414906
99 32608129 6509636 8474542 1408532 0 0 376475 16037592 57423422 3542739 3391187 344551 0 0 0 713007 60544488 0 0 0 4870418 0 0 0 65414906
100 32567872 6355828 8263032 1331163 0 0 354925 16542086 57065907 3699609 3531175 363761 0 0 0 754454 60323815 0 0 0 5091091 0 0 0 65414906
101 30819370 6299992 8188469 1371094 0 0 357236 18378745 55998901 4153830 3955550 423617 0 0 0 883008 59686080 0 0 0 5728826 0 0 0 65414906
102 31395579 6396185 8300002 1406115 0 0 361240 17555784 56517893 3932167 3753138 393245 0 0 0 818462 59961168 0 0 0 5453737 0 0 0 65414905
103 30852371 6407605 8306126 1420967 0 0 361823 18066012 56224338 4052335 3877098 408399 0 0 0 852734 59799509 0 0 0 5615395 0 0 0 65414904
104 31240935 6553065 8614759 1474355 0 0 389226 17142564 56850040 3783713 3629298 376054 0 0 0 775799 60191855 0 0 0 5223049 0 0 0 65414904
105 46036082 6608822 9656692 1108737 0 0 455371 1549200 65406863 497 7538 0 0 0 0 6 65414832 0 0 0 72 0 0 0 65414904
106 50797503 4964671 7915756 513416 0 0 335025 888533 65406053 661 8160 15 0 0 0 15 65414648 0 0 0 256 0 0 0 65414904
107 52686848 4248245 7050732 411371 0 0 286015 731691 65383355 30383 1155 7 0 0 0 2 65414381 0 0 0 521 0 0 0 65414902
108 39607512 4051479 5417223 544461 0 0 139088 15655139 56962669 3741075 3584522 368584 0 0 0 758052 60226121 0 0 0 5188781 0 0 0 65414902
109 36427975 5104828 6609182 907945 0 0 219434 16145538 56897994 3764646 3609719 373594 0 0 0 768949 60186076 0 0 0 5228826 0 0 0 65414902
110 51567547 5005998 7179061 659473 0 0 264903 737920 65407081 466 7354 0 0 0 0 1 65414869 0 0 0 33 0 0 0 65414902
111 52439874 4466454 7023241 444079 0 0 270161 771092 65384604 29112 1183 0 0 0 0 2 65414425 0 0 0 476 0 0 0 65414901
112 53953440 3786142 6434736 349912 0 0 243852 646819 65388720 25085 1092 2 0 0 0 2 65414494 0 0 0 407 0 0 0 65414901
113 58620851 2363088 4034641 125581 0 0 106756 163984 65386470 27366 1064 1 0 0 0 0 65414412 0 0 0 489 0 0 0 65414901
114 59182456 2155553 3709887 120635 0 0 92618 153751 65384418 29478 999 1 0 0 0 4 65414391 0 0 0 509 0 0 0 65414900
115 59726035 1974978 3393186 106882 0 0 78646 135173 65385688 28551 656 3 0 0 0 2 65414404 0 0 0 496 0 0 0 65414900
116 60512703 1643396 3064259 54405 0 0 66599 73537 65413725 297 877 0 0 0 0 0 65414898 0 0 0 1 0 0 0 65414899
117 60776227 1654904 2744413 82036 0 0 54815 102504 65385870 28346 680 1 0 0 0 2 65414412 0 0 0 487 0 0 0 65414899
118 61494378 1331931 2451120 38780 0 0 46796 51894 65413983 278 638 0 0 0 0 0 65414898 0 0 0 1 0 0 0 65414899
119 61977971 1152936 2195308 20861 0 0 37762 30061 65413958 322 619 0 0 0 0 0 65414899 0 0 0 0 0 0 0 65414899
