0 130544759 3868127 4617149 433666 0 0 45233 15268765 146962269 3730969 3249894 289007 0 0 0 545560 149959743 0 0 0 4817956 0 0 0 154777699
1 126216985 5394518 6322192 636407 0 0 119508 16088018 146609494 3908728 3379234 302399 0 0 0 577773 149793059 0 0 0 4984569 0 0 0 154777628
2 124510741 6043380 6825273 697560 0 0 137320 16563278 146367295 4017971 3479630 315607 0 0 0 597049 149656378 0 0 0 5121174 0 0 0 154777552
3 122614292 7002706 8380257 812666 0 0 208052 15759501 146929130 3760327 3244857 291244 0 0 0 551916 150023974 0 0 0 4753500 0 0 0 154777474
4 121332760 7248448 8534117 835816 0 0 208482 16617780 146488974 3959502 3434700 309864 0 0 0 584363 149755666 0 0 0 5021737 0 0 0 154777403
5 121053921 7407069 8707371 856520 0 0 219470 16532970 146567969 3928842 3396909 305163 0 0 0 578438 149799614 0 0 0 4977707 0 0 0 154777321
6 122345424 7336552 8572720 836090 0 0 218759 15467681 147123502 3665406 3173325 282627 0 0 0 532366 150108160 0 0 0 4669066 0 0 0 154777226
7 122050076 7285290 8617530 822571 0 0 221752 15779930 146935087 3761213 3238059 289591 0 0 0 553199 150024361 0 0 0 4752788 0 0 0 154777149
8 113988027 7773270 9203964 952900 0 0 226062 22632844 143327574 5408038 4740552 444657 0 0 0 856246 147966197 0 0 0 6810870 0 0 0 154777067
9 119427845 8070455 9512332 962534 0 0 266032 16537793 146583305 3930683 3376691 305819 0 0 0 580493 149864890 0 0 0 4912101 0 0 0 154776991
10 119939525 7829713 9202235 900311 0 0 242932 16662189 146508908 3950452 3425958 308896 0 0 0 582691 149815759 0 0 0 4961146 0 0 0 154776905
11 121120437 7889816 9804858 895723 0 0 277235 14788754 147547627 3467091 2995606 265067 0 0 0 501432 150430829 0 0 0 4345994 0 0 0 154776823
12 120621304 7600056 9240992 865411 0 0 244177 16204775 146750685 3841153 3324298 297362 0 0 0 563217 149921408 0 0 0 4855307 0 0 0 154776715
13 120853158 7625721 9451655 876385 0 0 257959 15711771 146994691 3739096 3210798 286105 0 0 0 545959 150097807 0 0 0 4678842 0 0 0 154776649
14 121394093 7504418 9323191 849227 0 0 251155 15454474 147101164 3679422 3173960 284880 0 0 0 537132 150190251 0 0 0 4586307 0 0 0 154776558
15 120053483 7688545 9603178 891006 0 0 260669 16279601 146686200 3882441 3335414 301323 0 0 0 571104 149967881 0 0 0 4808601 0 0 0 154776482
16 139336599 5805164 8348157 440491 0 0 261185 584799 154765549 1203 9565 32 0 0 0 46 154775947 0 0 0 448 0 0 0 154776395
17 143801975 3988061 6344303 185070 0 0 159058 297839 154765470 1158 9591 33 0 0 0 54 154775792 0 0 0 514 0 0 0 154776306
18 124938026 5771916 7562895 598127 0 0 148214 15757067 146826535 3806589 3290234 295963 0 0 0 556924 149975648 0 0 0 4800597 0 0 0 154776245
19 122425631 6341682 7713471 735067 0 0 167590 17392726 145950456 4227029 3637461 329240 0 0 0 631981 149493851 0 0 0 5282316 0 0 0 154776167
20 122309037 6830099 8098840 780025 0 0 188724 16569346 146405318 4008595 3453998 313480 0 0 0 594680 149765498 0 0 0 5010573 0 0 0 154776071
21 120574710 7622707 9526132 886895 0 0 257576 15907978 146878751 3791979 3254072 294384 0 0 0 556812 150073393 0 0 0 4702605 0 0 0 154775998
22 120294912 7715951 9692052 888873 0 0 262572 15921583 146905498 3764646 3261543 292726 0 0 0 551530 150071178 0 0 0 4704765 0 0 0 154775943
23 121150236 7621250 9596789 871247 0 0 262580 15273748 147248540 3608466 3117954 277131 0 0 0 523759 150271420 0 0 0 4504430 0 0 0 154775850
24 121228198 7546549 9438213 853760 0 0 252824 15456216 147142443 3659809 3160131 281789 0 0 0 531588 150172890 0 0 0 4602870 0 0 0 154775760
25 121366494 7523656 9433383 857031 0 0 255359 15339757 147177510 3654772 3132385 279176 0 0 0 531837 150222154 0 0 0 4553526 0 0 0 154775680
26 121394771 7511330 9352059 849445 0 0 251058 15416935 147120245 3672484 3161045 284994 0 0 0 536830 150188524 0 0 0 4587074 0 0 0 154775598
27 121174671 7559192 9357615 858672 0 0 251485 15573875 147046626 3709087 3193146 285773 0 0 0 540878 150163699 0 0 0 4611811 0 0 0 154775510
28 121710916 7573744 9299367 850290 0 0 248247 15092849 147314844 3576213 3091089 275210 0 0 0 518057 150304086 0 0 0 4471327 0 0 0 154775413
29 120953947 7605764 9319259 863578 0 0 246589 15786178 146967521 3744757 3230698 287871 0 0 0 544468 150083130 0 0 0 4692185 0 0 0 154775315
30 139837975 5659150 8048912 421567 0 0 247734 559877 154764986 1241 8907 32 0 0 0 49 154774731 0 0 0 484 0 0 0 154775215
31 144298497 3822011 6045451 176425 0 0 150312 282393 154764985 1256 8774 23 0 0 0 51 154774674 0 0 0 415 0 0 0 154775089
32 145391135 3261850 5567706 160495 0 0 132751 261016 154762945 1125 10808 30 0 0 0 45 154774525 0 0 0 428 0 0 0 154774953
33 149219994 1888988 3511747 42658 0 0 56653 54723 154764429 1050 9204 32 0 0 0 48 154774340 0 0 0 423 0 0 0 154774763
34 149750094 1681858 3213577 35118 0 0 48100 45819 154764431 973 9100 23 0 0 0 39 154774180 0 0 0 386 0 0 0 154774566
35 150221803 1486530 2969827 22382 0 0 41136 32673 154765319 1003 7963 19 0 0 0 47 154773945 0 0 0 406 0 0 0 154774351
36 150505369 1373408 2794511 28175 0 0 37158 35435 154763736 951 9292 24 0 0 0 53 154773646 0 0 0 410 0 0 0 154774056
37 150847687 1226845 2608338 25526 0 0 33194 32130 154763769 975 8904 30 0 0 0 42 154773277 0 0 0 443 0 0 0 154773720
38 151290372 1080417 2346047 11256 0 0 27869 17384 154771704 926 638 28 0 0 0 49 154772952 0 0 0 393 0 0 0 154773345
39 151578271 979306 2166652 9440 0 0 23979 15263 154771118 937 791 28 0 0 0 37 154772571 0 0 0 340 0 0 0 154772911
40 131135147 3571709 4351451 382385 0 0 36642 15295178 146918060 3748366 3265234 291527 0 0 0 549325 150062784 0 0 0 4709728 0 0 0 154772512
41 129191362 4948903 5834560 548519 0 0 107874 14140840 147632012 3421159 2962567 261713 0 0 0 494607 150464037 0 0 0 4308021 0 0 0 154772058
42 127289465 5455035 6173013 587925 0 0 117441 15148674 147107435 3667518 3177354 284179 0 0 0 535067 150138723 0 0 0 4632830 0 0 0 154771553
43 124829016 6451869 7793392 708732 0 0 186711 14801277 147398570 3541135 3046072 270374 0 0 0 514846 150331886 0 0 0 4439111 0 0 0 154770997
44 124610085 6523371 7749124 708126 0 0 183863 14995826 147282158 3588080 3099025 276995 0 0 0 524137 150269551 0 0 0 4500844 0 0 0 154770395
45 122612516 6845559 8049521 762427 0 0 192949 16306786 146598886 3917550 3371780 303953 0 0 0 577589 149892440 0 0 0 4877318 0 0 0 154769758
46 121911807 7064111 8232221 794325 0 0 199777 16566854 146501495 3949164 3428985 308425 0 0 0 581026 149820719 0 0 0 4948376 0 0 0 154769095
47 121929257 7183620 8391516 805691 0 0 208605 16249718 146687946 3868071 3343749 300226 0 0 0 568415 149923144 0 0 0 4845263 0 0 0 154768407
48 123250237 7194423 8518318 802162 0 0 220046 14782550 147475006 3494327 3025415 267626 0 0 0 505362 150351384 0 0 0 4416352 0 0 0 154767736
49 121466723 7252979 8602040 817044 0 0 217117 16411117 146587742 3927732 3370018 302481 0 0 0 579047 149856544 0 0 0 4910476 0 0 0 154767020
50 121694625 7349387 8785000 831312 0 0 229961 15876078 146873220 3784768 3260422 293867 0 0 0 554086 150043036 0 0 0 4723327 0 0 0 154766363
51 121209885 7377871 8803240 837676 0 0 227703 16309375 146640233 3900283 3350131 301988 0 0 0 573115 149918470 0 0 0 4847280 0 0 0 154765750
52 121026874 7536782 9122076 855997 0 0 240066 15983367 146849867 3787838 3278444 293904 0 0 0 555109 150020975 0 0 0 4744187 0 0 0 154765162
53 120617122 7565310 9237608 864115 0 0 244299 16236158 146718754 3856940 3325640 297875 0 0 0 565403 149957843 0 0 0 4806769 0 0 0 154764612
54 120976177 7614489 9399980 870312 0 0 254716 15648355 147042673 3703210 3194845 284651 0 0 0 538650 150113793 0 0 0 4650236 0 0 0 154764029
55 120989597 7567660 9427163 868046 0 0 256262 15654778 147010511 3732728 3191096 286279 0 0 0 542892 150112797 0 0 0 4650709 0 0 0 154763506
56 121715317 7539884 9453723 852733 0 0 260128 14941225 147379972 3550374 3046972 271770 0 0 0 513922 150343300 0 0 0 4419710 0 0 0 154763010
57 119985457 7629324 9493482 875715 0 0 255091 16523477 146534949 3954742 3383214 307642 0 0 0 581999 149872717 0 0 0 4889829 0 0 0 154762546
58 119717346 7795154 9677154 896573 0 0 263269 16412611 146627380 3898367 3360939 304311 0 0 0 571110 149910454 0 0 0 4851653 0 0 0 154762107
59 121029974 7665152 9599771 865277 0 0 263671 15337840 147200568 3632000 3123908 278705 0 0 0 526504 150236920 0 0 0 4524765 0 0 0 154761685
60 120864062 7693837 9669753 871512 0 0 265671 15396464 147182567 3638000 3132385 279910 0 0 0 528437 150186768 0 0 0 4574531 0 0 0 154761299
61 120246143 7695052 9699636 882784 0 0 266574 15970688 146846014 3809280 3257875 291631 0 0 0 556077 150018563 0 0 0 4742314 0 0 0 154760877
62 119847126 7730071 9673919 890681 0 0 264423 16354218 146629771 3902965 3353022 302978 0 0 0 571702 149900939 0 0 0 4859499 0 0 0 154760438
63 120707491 7717030 9692126 883860 0 0 269203 15490264 147102651 3678296 3157869 283641 0 0 0 537517 150198170 0 0 0 4561804 0 0 0 154759974
64 120084111 7791457 9721077 893867 0 0 264710 16004256 146838031 3795130 3277065 295100 0 0 0 554152 150029374 0 0 0 4730104 0 0 0 154759478
65 120303540 7807293 9796024 897319 0 0 272028 15682751 147033257 3706803 3193954 284905 0 0 0 540036 150128077 0 0 0 4630878 0 0 0 154758955
66 120643038 7724061 9686068 880419 0 0 264823 15559963 147080096 3682432 3176075 283888 0 0 0 535881 150137828 0 0 0 4620544 0 0 0 154758372
67 121024828 7642876 9692259 871147 0 0 269198 15257514 147233282 3619713 3103728 276346 0 0 0 524753 150235527 0 0 0 4522295 0 0 0 154757822
68 120063890 7704955 9677733 886065 0 0 264517 16160074 146735569 3846073 3310859 299001 0 0 0 565732 149959614 0 0 0 4797620 0 0 0 154757234
69 119666073 7797074 9773784 909288 0 0 270593 16339809 146648703 3892135 3341766 301638 0 0 0 572379 149932457 0 0 0 4824164 0 0 0 154756621
70 121394757 7694796 9682258 867163 0 0 268020 14848970 147449271 3499427 3031955 270118 0 0 0 505193 150394710 0 0 0 4361254 0 0 0 154755964
71 120885162 7704381 9708107 881103 0 0 265941 15310555 147211491 3617404 3124864 277427 0 0 0 524063 150226922 0 0 0 4528327 0 0 0 154755249
72 138721894 6159208 8418529 516049 0 0 261962 676936 154689850 63599 1077 13 0 0 0 39 154752923 0 0 0 1655 0 0 0 154754578
73 125645163 6107441 7906693 618258 0 0 173784 14302550 147575289 3452898 2965649 261469 0 0 0 498584 150423706 0 0 0 4330183 0 0 0 154753889
74 123136039 6986968 8979170 795058 0 0 233578 14622414 147492079 3484716 3005200 267806 0 0 0 503426 150390336 0 0 0 4362891 0 0 0 154753227
75 143194926 4438494 6315193 297734 0 0 172488 333754 154739772 1227 11549 15 0 0 0 26 154752294 0 0 0 295 0 0 0 154752589
76 126617871 5827000 7516905 580698 0 0 154081 14055432 147689054 3382107 2932467 260945 0 0 0 487414 150508902 0 0 0 4243085 0 0 0 154751987
77 123453358 6776644 8701441 772985 0 0 217986 14829017 147398442 3527042 3046233 270782 0 0 0 508932 150328113 0 0 0 4423318 0 0 0 154751431
78 114694933 7068630 8393684 854157 0 0 176208 23563314 142706837 5685518 4981765 470770 0 0 0 906036 147573460 0 0 0 7177466 0 0 0 154750926
79 110510252 8540046 10511703 1124463 0 0 287799 23776209 142767011 5675899 4932543 467932 0 0 0 907087 147640874 0 0 0 7109598 0 0 0 154750472
80 119090276 8444071 10451619 1019625 0 0 312545 15431937 147184591 3627515 3128869 280001 0 0 0 529097 150199392 0 0 0 4550681 0 0 0 154750073
81 118635728 8294776 10586515 971029 0 0 311277 15950314 146921065 3756048 3230147 290439 0 0 0 551940 150083203 0 0 0 4666436 0 0 0 154749639
82 120275098 8086286 10406572 922337 0 0 303014 14755957 147551008 3448171 2984066 267448 0 0 0 498571 150425225 0 0 0 4324039 0 0 0 154749264
83 120587584 7668002 9497394 868689 0 0 253761 15873498 146887717 3770375 3251901 289906 0 0 0 549029 150035055 0 0 0 4713873 0 0 0 154748928
84 121128189 7679942 9545312 868476 0 0 258905 15267809 147210700 3613709 3120584 278358 0 0 0 525282 150205426 0 0 0 4543207 0 0 0 154748633
85 121185532 7580504 9375905 858699 0 0 252522 15495256 147061089 3695769 3170344 282767 0 0 0 538449 150135778 0 0 0 4612640 0 0 0 154748418
86 120418462 7698712 9530862 881864 0 0 258583 15959738 146828117 3796296 3273447 294658 0 0 0 555703 150004573 0 0 0 4743648 0 0 0 154748221
87 121426772 7614112 9473870 861364 0 0 259139 15112774 147265604 3593924 3090058 276145 0 0 0 522300 150287560 0 0 0 4460471 0 0 0 154748031
88 139055857 6113456 8151894 511767 0 0 249198 665723 154676206 70254 1344 32 0 0 0 59 154745783 0 0 0 2112 0 0 0 154747895
89 123484293 6350112 8075555 658748 0 0 172932 16006129 146699767 3854718 3328331 299356 0 0 0 565597 149909503 0 0 0 4838266 0 0 0 154747769
90 122130177 7165293 9160516 821199 0 0 240541 15229943 147214789 3608202 3122932 277917 0 0 0 523829 150189864 0 0 0 4557805 0 0 0 154747669
91 122389754 6781512 8168157 769183 0 0 191204 16447761 146450102 3982558 3418749 307443 0 0 0 588719 149768778 0 0 0 4978793 0 0 0 154747571
92 120301450 7664518 9705903 893334 0 0 265608 15916661 146851687 3783085 3262348 294384 0 0 0 555970 150014478 0 0 0 4732996 0 0 0 154747474
93 121976038 7510911 9554110 848702 0 0 261642 14595983 147527152 3472202 2980181 265543 0 0 0 502308 150460640 0 0 0 4286746 0 0 0 154747386
94 120653453 7638285 9624789 865378 0 0 258523 15706876 146971058 3721837 3223584 289200 0 0 0 541625 150092328 0 0 0 4654976 0 0 0 154747304
95 120695119 7644356 9638744 873679 0 0 260883 15634444 147022820 3704353 3194970 285958 0 0 0 539124 150115108 0 0 0 4632117 0 0 0 154747225
96 119987969 7653719 9537859 875491 0 0 252758 16439338 146581466 3911409 3375936 303903 0 0 0 574420 149835705 0 0 0 4911429 0 0 0 154747134
97 139424354 5720811 8352108 424355 0 0 261259 564154 154737949 896 8193 1 0 0 0 2 154747007 0 0 0 34 0 0 0 154747041
98 143891736 3944272 6281073 180397 0 0 158416 291093 154737227 918 8832 1 0 0 0 9 154746905 0 0 0 82 0 0 0 154746987
99 145169338 3336306 5696631 152010 0 0 135762 256866 154737044 1033 8800 15 0 0 0 21 154746659 0 0 0 254 0 0 0 154746913
100 129261286 4510573 5549244 454207 0 0 71735 14899772 147120999 3648297 3162863 284033 0 0 0 530625 150186796 0 0 0 4560021 0 0 0 154746817
101 125948761 5831724 7005665 650099 0 0 143754 15166737 147087139 3677516 3165068 283032 0 0 0 533985 150159328 0 0 0 4587412 0 0 0 154746740
102 144375613 4006806 5670186 258529 0 0 146402 289142 154736608 913 9150 5 0 0 0 2 154746626 0 0 0 52 0 0 0 154746678
103 125871180 5658564 7243835 581827 0 0 139386 15251797 147038305 3704039 3180173 284035 0 0 0 540037 150128457 0 0 0 4618132 0 0 0 154746589
104 122387009 6765779 8599377 786940 0 0 211322 15996076 146741641 3836489 3306536 298078 0 0 0 563759 149965104 0 0 0 4781399 0 0 0 154746503
105 123611984 6439032 7617813 729488 0 0 167437 16180672 146550424 3932746 3378437 304669 0 0 0 580150 149886532 0 0 0 4859894 0 0 0 154746426
106 122031192 7271157 9037279 825828 0 0 233818 15347061 147137660 3642405 3151796 284121 0 0 0 530353 150212411 0 0 0 4533924 0 0 0 154746335
107 121377549 7364040 9136841 841074 0 0 236693 15790072 146917288 3751346 3240583 288556 0 0 0 548496 150066651 0 0 0 4679618 0 0 0 154746269
108 121308654 7452101 9195299 844496 0 0 240160 15705451 146968210 3726451 3219337 287896 0 0 0 544267 150070930 0 0 0 4675231 0 0 0 154746161
109 121065798 7452558 9101804 850269 0 0 237663 16037987 146763978 3837734 3287321 295082 0 0 0 561964 149973645 0 0 0 4772434 0 0 0 154746079
110 119496079 7635917 9237895 882182 0 0 240305 17253615 146119998 4132075 3555676 324779 0 0 0 613465 149608394 0 0 0 5137599 0 0 0 154745993
111 139321139 6073263 7922218 517146 0 0 244009 668142 154679469 65879 556 6 0 0 0 7 154744479 0 0 0 1438 0 0 0 154745917
112 144303264 3966401 5842069 186395 0 0 145326 302379 154731820 13010 994 1 0 0 0 9 154745676 0 0 0 158 0 0 0 154745834
113 144846686 3743850 5413408 245137 0 0 126879 369797 154674055 70825 866 4 0 0 0 7 154744097 0 0 0 1660 0 0 0 154745757
114 148676139 2378888 3310292 149661 0 0 55353 175329 154677501 67297 849 4 0 0 0 11 154744150 0 0 0 1512 0 0 0 154745662
115 149243325 2122684 3040484 135484 0 0 46359 157244 154675600 69183 784 7 0 0 0 6 154744060 0 0 0 1520 0 0 0 154745580
116 149444303 2033709 2917463 141357 0 0 44920 163757 154677249 67414 836 5 0 0 0 5 154744031 0 0 0 1478 0 0 0 154745509
117 149701109 1908839 2799782 136176 0 0 42504 157021 154678951 66028 436 3 0 0 0 13 154743977 0 0 0 1454 0 0 0 154745431
118 150678243 1350459 2588258 38822 0 0 37941 51632 154744417 587 351 0 0 0 0 0 154745354 0 0 0 1 0 0 0 154745355
119 151074599 1173137 2410303 23623 0 0 31861 31761 154743859 723 702 0 0 0 0 0 154745282 0 0 0 2 0 0 0 154745284
