0 24895028 809314 1091701 78352 0 0 11906 3158557 28408914 750654 704053 60437 0 0 0 120800 29008829 0 0 0 1036029 0 0 0 30044858
1 24016733 1160724 1474297 134888 0 0 28293 3229917 28399779 756818 705515 60809 0 0 0 121931 29005263 0 0 0 1039589 0 0 0 30044852
2 23516411 1313025 1595705 151178 0 0 32137 3436388 28298468 805003 746157 64064 0 0 0 131152 28937417 0 0 0 1107427 0 0 0 30044844
3 22862649 1547594 1980041 189698 0 0 50057 3414798 28349709 783154 724105 61821 0 0 0 126048 28974843 0 0 0 1069994 0 0 0 30044837
4 26745047 1242568 1735801 115428 0 0 49880 156105 30041055 3617 144 6 0 0 0 7 30044693 0 0 0 136 0 0 0 30044829
5 23739511 1247023 1618736 124069 0 0 33536 3281947 28382810 762775 713809 61353 0 0 0 124075 28991041 0 0 0 1053781 0 0 0 30044822
6 27011138 1106342 1617486 112273 0 0 46933 150642 30040178 248 4371 8 0 0 0 9 30044656 0 0 0 158 0 0 0 30044814
7 24954269 974509 1145847 85135 0 0 15901 2869144 28567386 680501 634788 54119 0 0 0 108011 29107730 0 0 0 937075 0 0 0 30044805
8 23425849 1390312 1784284 161786 0 0 43295 3239272 28427396 744871 693425 58699 0 0 0 120407 29010018 0 0 0 1034780 0 0 0 30044798
9 23663717 1351019 1572392 150492 0 0 32833 3274336 28383769 766969 709313 60777 0 0 0 123961 28976856 0 0 0 1067933 0 0 0 30044789
10 23188379 1529733 1925903 181304 0 0 48919 3170546 28477005 724505 671314 56695 0 0 0 115265 29043763 0 0 0 1001021 0 0 0 30044784
11 23122647 1558485 1991165 184659 0 0 51833 3135986 28496651 713733 663475 56786 0 0 0 114130 29054336 0 0 0 990439 0 0 0 30044775
12 22776761 1594583 2058024 192077 0 0 54346 3368977 28375648 766015 717516 61710 0 0 0 123879 28976697 0 0 0 1068071 0 0 0 30044768
13 22642536 1630239 2110468 197859 0 0 56582 3407073 28354789 778482 722213 63024 0 0 0 126249 28966593 0 0 0 1078164 0 0 0 30044757
14 22607059 1654790 2148374 202322 0 0 58566 3373637 28379614 767688 712360 61053 0 0 0 124033 28978892 0 0 0 1065856 0 0 0 30044748
15 22463766 1688897 2201499 207173 0 0 60600 3422805 28353124 780196 723077 61626 0 0 0 126717 28967940 0 0 0 1076800 0 0 0 30044740
16 21984749 1732722 2253767 221474 0 0 62220 3789799 28166145 868412 798270 69790 0 0 0 142114 28861527 0 0 0 1183204 0 0 0 30044731
17 22229374 1766648 2283583 221841 0 0 64881 3478396 28333820 788345 732358 63460 0 0 0 126740 28951749 0 0 0 1092974 0 0 0 30044723
18 22560183 1731657 2263452 211220 0 0 64750 3213451 28474319 723346 674566 57311 0 0 0 115171 29045332 0 0 0 999381 0 0 0 30044713
19 22262016 1747428 2286597 215034 0 0 65115 3468514 28335362 787139 732264 62918 0 0 0 127021 28958767 0 0 0 1085937 0 0 0 30044704
20 22488268 1730872 2284771 213448 0 0 65484 3261852 28446000 738486 683801 58469 0 0 0 117939 29027437 0 0 0 1017258 0 0 0 30044695
21 21369238 1784794 2305923 234306 0 0 63712 4286714 27895201 989370 911515 81154 0 0 0 167447 28694982 0 0 0 1349705 0 0 0 30044687
22 22334005 1823072 2422809 235227 0 0 72920 3156644 28519538 704481 653649 55379 0 0 0 111630 29072916 0 0 0 971761 0 0 0 30044677
23 22638817 1735842 2303993 208163 0 0 66029 3091827 28534566 695462 649005 54891 0 0 0 110747 29083191 0 0 0 961480 0 0 0 30044671
24 22118617 1774494 2412260 223520 0 0 71878 3443896 28361365 774930 721898 62014 0 0 0 124458 28973842 0 0 0 1070823 0 0 0 30044665
25 22292762 1743888 2319649 216618 0 0 66374 3405366 28367898 771510 718431 61729 0 0 0 125089 28973506 0 0 0 1071151 0 0 0 30044657
26 22437651 1740091 2322618 214496 0 0 66604 3263192 28443508 739212 685426 58162 0 0 0 118344 29022721 0 0 0 1021931 0 0 0 30044652
27 22443964 1746091 2338854 213263 0 0 67163 3235308 28460444 734161 674848 57772 0 0 0 117418 29032400 0 0 0 1012243 0 0 0 30044643
28 22191308 1750581 2349923 218157 0 0 67816 3466847 28340934 786294 727867 62346 0 0 0 127191 28956718 0 0 0 1087914 0 0 0 30044632
29 22463011 1747945 2352437 216769 0 0 67903 3196555 28482835 718489 670635 57632 0 0 0 115029 29052543 0 0 0 992077 0 0 0 30044620
30 22927169 1693740 2305372 202957 0 0 66743 2848625 28668071 634755 592868 49782 0 0 0 99130 29174087 0 0 0 870519 0 0 0 30044606
31 26146697 1402845 2114700 134462 0 0 64537 181360 30039831 263 4495 4 0 0 0 8 30044450 0 0 0 151 0 0 0 30044601
32 27139496 1014539 1671160 69934 0 0 44048 105411 30040031 229 4317 4 0 0 0 7 30044429 0 0 0 159 0 0 0 30044588
33 27564047 834004 1469122 55664 0 0 36081 85652 30039764 246 4545 7 0 0 0 8 30044448 0 0 0 122 0 0 0 30044570
34 28343068 573019 1041965 30142 0 0 19079 37269 30039607 208 4715 3 0 0 0 9 30044404 0 0 0 138 0 0 0 30044542
35 28482072 517701 961014 30641 0 0 16388 36707 30039004 223 5284 7 0 0 0 5 30044369 0 0 0 154 0 0 0 30044523
36 28610112 470317 892862 25488 0 0 14484 31219 30039973 227 4275 4 0 0 0 3 30044349 0 0 0 133 0 0 0 30044482
37 28715219 432673 830380 23986 0 0 12790 29394 30039846 187 4401 0 0 0 0 8 30044298 0 0 0 144 0 0 0 30044442
38 28890122 375181 746708 8813 0 0 10304 13267 30044085 177 117 7 0 0 0 9 30044327 0 0 0 68 0 0 0 30044395
39 28992276 336331 691533 5811 0 0 9065 9324 30043968 203 155 2 0 0 0 12 30044278 0 0 0 62 0 0 0 30044340
40 24914124 810902 1087703 77448 0 0 11969 3142136 28420181 751796 693231 59518 0 0 0 119556 28989098 0 0 0 1055184 0 0 0 30044282
41 23892954 1176844 1483323 136327 0 0 28572 3326206 28350707 781599 723882 62691 0 0 0 125347 28949533 0 0 0 1094693 0 0 0 30044226
42 23558871 1327607 1595608 152064 0 0 32288 3377729 28330525 792065 730729 63331 0 0 0 127517 28943696 0 0 0 1100471 0 0 0 30044167
43 23000204 1544661 1954317 185786 0 0 49597 3309528 28405017 759012 699084 60340 0 0 0 120640 28994252 0 0 0 1049841 0 0 0 30044093
44 22627102 1593336 1997618 193337 0 0 51189 3581438 28261474 822597 760806 65570 0 0 0 133573 28898313 0 0 0 1145707 0 0 0 30044020
45 22416680 1654850 2046444 204263 0 0 53918 3667780 28220574 842330 775518 67171 0 0 0 138342 28877104 0 0 0 1166831 0 0 0 30043935
46 22497139 1669931 2060335 206897 0 0 55448 3554088 28287841 809028 751010 64820 0 0 0 131139 28927320 0 0 0 1116518 0 0 0 30043838
47 22476092 1693651 2094652 209023 0 0 57198 3513118 28308394 797141 745305 63832 0 0 0 129062 28945595 0 0 0 1098139 0 0 0 30043734
48 26429108 1380686 1870901 129653 0 0 56786 176511 30039489 3975 169 4 0 0 0 8 30043535 0 0 0 110 0 0 0 30043645
49 23118479 1365433 1734612 138403 0 0 37981 3648660 28191162 851336 792305 69412 0 0 0 139353 28864592 0 0 0 1178976 0 0 0 30043568
50 22349412 1612738 2059490 202216 0 0 55332 3764304 28170496 862749 799745 69245 0 0 0 141257 28860500 0 0 0 1182992 0 0 0 30043492
51 27115802 1176057 1503067 98855 0 0 39034 110610 30039611 3664 140 4 0 0 0 6 30043317 0 0 0 108 0 0 0 30043425
52 23383439 1343440 1792481 135881 0 0 40356 3347771 28359164 776236 721458 61543 0 0 0 124967 28974985 0 0 0 1068383 0 0 0 30043368
53 22780329 1565381 2111690 193695 0 0 57910 3334287 28398757 756817 705802 60501 0 0 0 121415 29005652 0 0 0 1037640 0 0 0 30043292
54 22922350 1493725 1854994 175096 0 0 43019 3554031 28249405 822879 769518 66665 0 0 0 134748 28906420 0 0 0 1136795 0 0 0 30043215
55 22569511 1693529 2236921 213426 0 0 62574 3267190 28440805 738062 687515 58534 0 0 0 118235 29037068 0 0 0 1006083 0 0 0 30043151
56 26295883 1364580 2024835 126301 0 0 61104 170390 30041213 279 1587 4 0 0 0 10 30043035 0 0 0 58 0 0 0 30043093
57 22853940 1409064 1927037 147734 0 0 44381 3660873 28189971 853780 791035 68407 0 0 0 139836 28873409 0 0 0 1169620 0 0 0 30043029
58 21344100 1692198 2245173 229244 0 0 60666 4471605 27797996 1030359 954235 85379 0 0 0 175017 28632024 0 0 0 1410962 0 0 0 30042986
59 22410271 1671053 2062416 211636 0 0 52630 3634930 28223723 834470 780550 67832 0 0 0 136361 28890224 0 0 0 1152712 0 0 0 30042936
60 22182607 1799036 2356634 231727 0 0 68363 3404513 28380513 763375 714666 60970 0 0 0 123356 28991589 0 0 0 1051291 0 0 0 30042880
61 25820900 1523998 2239406 162617 0 0 72782 223127 30037834 266 4724 2 0 0 0 4 30042721 0 0 0 109 0 0 0 30042830
62 22892897 1438841 1941474 150270 0 0 45827 3573478 28240265 829775 770627 66991 0 0 0 135129 28899134 0 0 0 1143653 0 0 0 30042787
63 22149371 1658392 2205505 210446 0 0 60675 3758334 28172298 860169 799846 69121 0 0 0 141289 28854924 0 0 0 1187799 0 0 0 30042723
64 22743831 1587324 1966505 190907 0 0 48274 3505824 28285737 807734 753180 64919 0 0 0 131095 28931839 0 0 0 1110826 0 0 0 30042665
65 22033446 1771217 2321443 227564 0 0 65924 3623007 28257769 819064 766566 66058 0 0 0 133144 28911760 0 0 0 1130841 0 0 0 30042601
66 21941494 1795678 2370330 231417 0 0 69425 3634180 28256706 820000 766253 66373 0 0 0 133192 28905617 0 0 0 1136907 0 0 0 30042524
67 20807049 1867652 2404271 256638 0 0 68817 4638021 27718502 1066887 985679 89234 0 0 0 182146 28591026 0 0 0 1451422 0 0 0 30042448
68 21557057 1926258 2509721 264140 0 0 76705 3708510 28235024 831617 773312 66862 0 0 0 135576 28905682 0 0 0 1136709 0 0 0 30042391
69 21717126 1878852 2446535 245197 0 0 72535 3682079 28234089 831935 773201 66923 0 0 0 136176 28892111 0 0 0 1150213 0 0 0 30042324
70 21612389 1901687 2551638 253776 0 0 79092 3643667 28270923 814013 759461 65414 0 0 0 132438 28916722 0 0 0 1125527 0 0 0 30042249
71 21779795 1852624 2448379 239690 0 0 73570 3648113 28251915 823330 766296 66536 0 0 0 134094 28902401 0 0 0 1139770 0 0 0 30042171
72 21803633 1851102 2450722 240840 0 0 73891 3621894 28268429 814971 761546 65484 0 0 0 131652 28920912 0 0 0 1121170 0 0 0 30042082
73 21831531 1850612 2440906 240011 0 0 71957 3606962 28273157 814008 757455 65112 0 0 0 132247 28922215 0 0 0 1119764 0 0 0 30041979
74 21758736 1856445 2449239 240345 0 0 73058 3664058 28242678 828049 769494 66229 0 0 0 135431 28897343 0 0 0 1144538 0 0 0 30041881
75 25764978 1575834 2265534 155405 0 0 73024 207021 30037205 4453 135 3 0 0 0 0 30041730 0 0 0 66 0 0 0 30041796
76 22985761 1475717 2043369 152032 0 0 50625 3334220 28370037 770186 716980 61140 0 0 0 123381 28975853 0 0 0 1065871 0 0 0 30041724
77 22383815 1672463 2309351 211606 0 0 66434 3397980 28366838 768501 720746 61147 0 0 0 124417 28978655 0 0 0 1062994 0 0 0 30041649
78 21496326 1666657 2099308 215742 0 0 51401 4512156 27748635 1048780 978436 88077 0 0 0 177662 28622368 0 0 0 1419222 0 0 0 30041590
79 20570630 1954075 2546104 282892 0 0 75956 4611878 27744793 1052954 976790 87791 0 0 0 179207 28614320 0 0 0 1427215 0 0 0 30041535
80 21664128 1954575 2581194 265421 0 0 79741 3496417 28346530 780909 724879 62215 0 0 0 126943 28964856 0 0 0 1076620 0 0 0 30041476
81 21580682 1927614 2600280 254928 0 0 80721 3597197 28290943 807311 746893 64456 0 0 0 131819 28933447 0 0 0 1107975 0 0 0 30041422
82 21689240 1896710 2588469 250314 0 0 81457 3535185 28329036 789913 732448 62693 0 0 0 127285 28959882 0 0 0 1081493 0 0 0 30041375
83 21762596 1845510 2461814 237902 0 0 72496 3661017 28239206 828090 772085 67265 0 0 0 134689 28899923 0 0 0 1141412 0 0 0 30041335
84 21726949 1857415 2477774 242851 0 0 74230 3662075 28243397 824650 771952 67185 0 0 0 134110 28903900 0 0 0 1137394 0 0 0 30041294
85 21846977 1852953 2462570 238391 0 0 73714 3566670 28291879 805049 748680 64265 0 0 0 131402 28931611 0 0 0 1109664 0 0 0 30041275
86 20623385 1920945 2499375 263807 0 0 73536 4660199 27708778 1071486 988144 89507 0 0 0 183332 28583066 0 0 0 1458181 0 0 0 30041247
87 21252685 1987359 2591989 273304 0 0 80762 3855130 28156671 869086 802501 69968 0 0 0 143003 28851882 0 0 0 1189347 0 0 0 30041229
88 21566249 1919518 2533373 253689 0 0 76779 3691608 28235571 831048 772475 66706 0 0 0 135416 28899835 0 0 0 1141381 0 0 0 30041216
89 21366847 1951273 2623045 260713 0 0 82188 3757145 28212634 840925 782368 68077 0 0 0 137207 28887898 0 0 0 1153313 0 0 0 30041211
90 21800637 1882892 2539035 244490 0 0 78665 3495478 28343320 781978 727527 62576 0 0 0 125796 28975738 0 0 0 1065459 0 0 0 30041197
91 25665423 1574692 2348930 161675 0 0 76661 213804 30036993 237 3955 0 0 0 0 0 30041119 0 0 0 66 0 0 0 30041185
92 22709293 1512989 2122727 161443 0 0 53545 3481177 28292642 805378 748379 64318 0 0 0 130457 28936364 0 0 0 1104810 0 0 0 30041174
93 21646586 1741476 2372875 224662 0 0 67352 3988214 28051545 914912 847820 74206 0 0 0 152682 28781463 0 0 0 1259702 0 0 0 30041165
94 22532657 1672063 2149178 203583 0 0 55356 3428323 28331943 787503 731895 62948 0 0 0 126871 28959359 0 0 0 1081801 0 0 0 30041160
95 21761971 1829888 2445359 235529 0 0 70868 3697537 28217179 838051 781487 67883 0 0 0 136552 28889792 0 0 0 1151360 0 0 0 30041152
96 25652212 1566325 2359829 164908 0 0 77223 220649 30036937 303 3904 1 0 0 0 1 30041060 0 0 0 86 0 0 0 30041146
97 22856941 1473464 2056765 153449 0 0 50123 3450398 28302433 800118 744591 64238 0 0 0 129760 28943657 0 0 0 1097483 0 0 0 30041140
98 26147557 1359503 2141817 138390 0 0 67435 186428 30036904 314 3907 1 0 0 0 4 30041019 0 0 0 111 0 0 0 30041130
99 23418785 1244454 1645997 119973 0 0 29754 3582159 28198164 850564 785538 68110 0 0 0 138746 28872620 0 0 0 1168502 0 0 0 30041122
100 21893794 1677974 2290967 216835 0 0 63494 3898050 28099234 891801 830029 72295 0 0 0 147755 28803965 0 0 0 1237149 0 0 0 30041114
101 22744516 1610061 2040304 193219 0 0 50506 3402499 28335299 785395 730487 62984 0 0 0 126940 28961121 0 0 0 1079984 0 0 0 30041105
102 21893423 1782996 2367953 227237 0 0 67114 3702371 28213468 839181 784056 67835 0 0 0 136554 28883600 0 0 0 1157494 0 0 0 30041094
103 21668538 1828522 2420979 238388 0 0 70407 3814254 28157635 865748 804935 70459 0 0 0 142311 28843748 0 0 0 1197340 0 0 0 30041088
104 21705814 1830161 2404635 237912 0 0 69658 3792897 28167991 862975 798457 69690 0 0 0 141964 28855277 0 0 0 1185800 0 0 0 30041077
105 21589761 1856117 2439163 243313 0 0 71217 3841499 28143960 873348 809468 70928 0 0 0 143366 28835495 0 0 0 1205575 0 0 0 30041070
106 21593936 1863204 2464108 245778 0 0 73535 3800500 28174227 857543 798748 69174 0 0 0 141369 28852568 0 0 0 1188493 0 0 0 30041061
107 25724868 1567961 2292204 164588 0 0 73945 217484 30036440 312 4298 0 0 0 0 0 30040972 0 0 0 78 0 0 0 30041050
108 22636572 1502773 2050452 158972 0 0 49749 3642525 28207511 842490 786198 68318 0 0 0 136526 28878596 0 0 0 1162447 0 0 0 30041043
109 21898675 1724691 2312516 220968 0 0 65653 3818531 28146199 870717 809326 71321 0 0 0 143471 28841330 0 0 0 1199704 0 0 0 30041034
110 22275765 1652151 2049671 199436 0 0 50434 3813572 28117252 885704 819994 71754 0 0 0 146325 28819626 0 0 0 1221403 0 0 0 30041029
111 25860581 1543854 2211419 152286 0 0 69267 203613 30037330 3575 115 0 0 0 0 0 30040975 0 0 0 45 0 0 0 30041020
112 26988638 1091071 1738559 66401 0 0 47078 109266 30037538 3361 113 0 0 0 0 1 30040962 0 0 0 51 0 0 0 30041013
113 27359679 913878 1580410 52928 0 0 41494 92615 30037372 3527 105 0 0 0 0 0 30040948 0 0 0 56 0 0 0 30041004
114 28394203 570397 1020264 16095 0 0 18352 21685 30037479 3434 82 1 0 0 0 0 30040951 0 0 0 45 0 0 0 30040996
115 28568642 501557 928763 11359 0 0 15109 15559 30038708 2181 100 0 0 0 0 0 30040976 0 0 0 13 0 0 0 30040989
116 28664277 465342 870934 11560 0 0 13273 15595 30037557 3332 92 0 0 0 0 0 30040932 0 0 0 49 0 0 0 30040981
117 28758693 431524 813654 10972 0 0 11897 14234 30037375 3509 90 0 0 0 0 0 30040939 0 0 0 35 0 0 0 30040974
118 28895655 369616 750270 6104 0 0 10524 8797 30040752 140 74 0 0 0 0 0 30040966 0 0 0 0 0 0 0 30040966
119 28992945 334883 692060 4970 0 0 8940 7162 30040724 136 100 0 0 0 0 0 30040960 0 0 0 0 0 0 0 30040960
