0 66166179 2002167 2685194 191252 0 0 34302 7472204 74685833 1806553 1630000 140205 0 0 0 288707 76094280 0 0 0 2457018 0 0 0 78551298
1 63759249 2780233 3544333 316130 0 0 73631 8077678 74429131 1926620 1734194 149824 0 0 0 311485 75930554 0 0 0 2620700 0 0 0 78551254
2 63031283 3126118 3799906 358149 0 0 85120 8150633 74408154 1929801 1750065 152308 0 0 0 310881 75918518 0 0 0 2632691 0 0 0 78551209
3 61441409 3632092 4600616 435691 0 0 123305 8318058 74408043 1927666 1751659 152935 0 0 0 310868 75914719 0 0 0 2636452 0 0 0 78551171
4 60930263 3765534 4720172 457460 0 0 130433 8547275 74297939 1976220 1798963 157044 0 0 0 320971 75841285 0 0 0 2709852 0 0 0 78551137
5 61067840 3812521 4739337 459374 0 0 132681 8339351 74409865 1935356 1741877 151698 0 0 0 312308 75918209 0 0 0 2632895 0 0 0 78551104
6 60208367 3879165 4781401 472471 0 0 133623 9076038 74015882 2113817 1904365 167756 0 0 0 349245 75679629 0 0 0 2871436 0 0 0 78551065
7 60311865 3985750 4892173 496190 0 0 141846 8723213 74211299 2030296 1820374 158677 0 0 0 330391 75804461 0 0 0 2746576 0 0 0 78551037
8 59971092 4004539 4906663 494958 0 0 141215 9032540 74053599 2088129 1899791 167175 0 0 0 342313 75699923 0 0 0 2851084 0 0 0 78551007
9 58306756 4154690 5093444 526101 0 0 147732 10322242 73379942 2406333 2166331 195022 0 0 0 403337 75306445 0 0 0 3244520 0 0 0 78550965
10 60039711 4204905 5229718 536934 0 0 161522 8378141 74443488 1913999 1735863 150567 0 0 0 307014 75949257 0 0 0 2601674 0 0 0 78550931
11 59607839 4148044 5194423 519863 0 0 155565 8925154 74126611 2066377 1857561 162215 0 0 0 338124 75746620 0 0 0 2804268 0 0 0 78550888
12 59135029 4243784 5438374 546126 0 0 170089 9017436 74096239 2079680 1870964 163906 0 0 0 340049 75724321 0 0 0 2826517 0 0 0 78550838
13 59335124 4173308 5333079 531203 0 0 163789 9014305 74082230 2086115 1876678 164961 0 0 0 340824 75715152 0 0 0 2835656 0 0 0 78550808
14 58580223 4266365 5491488 555606 0 0 170714 9486384 73843915 2187515 1981173 176812 0 0 0 361365 75553002 0 0 0 2997778 0 0 0 78550780
15 58570465 4326532 5603878 567239 0 0 177624 9305004 73955927 2141086 1932312 171610 0 0 0 349807 75629724 0 0 0 2921018 0 0 0 78550742
16 58664683 4350748 5661795 570939 0 0 180749 9121798 74054493 2091378 1894160 167525 0 0 0 343156 75707533 0 0 0 2843179 0 0 0 78550712
17 58964480 4349474 5708120 566815 0 0 184528 8777266 74243026 2012920 1810015 157040 0 0 0 327682 75825890 0 0 0 2724793 0 0 0 78550683
18 56622014 4413263 5715763 590261 0 0 179123 11030222 73020108 2583735 2297753 209683 0 0 0 439367 75096778 0 0 0 3453868 0 0 0 78550646
19 57483895 4564837 5939851 627436 0 0 197201 9737384 73745782 2246596 2007055 178708 0 0 0 372463 75508299 0 0 0 3042305 0 0 0 78550604
20 57397482 4525439 5852715 611101 0 0 189753 9974072 73604614 2296101 2080542 186258 0 0 0 383047 75415439 0 0 0 3135123 0 0 0 78550562
21 67564022 4020904 5737874 430008 0 0 212073 585640 78530548 19400 521 15 0 0 0 37 78549951 0 0 0 570 0 0 0 78550521
22 61256920 3620054 4919968 386265 0 0 135472 8231817 74436377 1914510 1738923 152160 0 0 0 308526 75945043 0 0 0 2605453 0 0 0 78550496
23 59517440 4051765 5503700 518354 0 0 173019 8786170 74214393 2021832 1827299 158251 0 0 0 328673 75797850 0 0 0 2752598 0 0 0 78550448
24 60855126 3775116 4754293 448744 0 0 129931 8587197 74226193 2025041 1811717 158354 0 0 0 329102 75811650 0 0 0 2738757 0 0 0 78550407
25 58497467 4235085 5546944 551636 0 0 171024 9548203 73802813 2216534 1988573 174834 0 0 0 367605 75546046 0 0 0 3004313 0 0 0 78550359
26 58093327 4366839 5717698 581280 0 0 181831 9609338 73790139 2210494 2005810 177876 0 0 0 365994 75532506 0 0 0 3017807 0 0 0 78550313
27 58784561 4384819 5735797 579636 0 0 184911 8880549 74192252 2027523 1839530 160902 0 0 0 330066 75772460 0 0 0 2777813 0 0 0 78550273
28 68391710 3723092 5361180 375755 0 0 189364 509135 78530321 19350 510 18 0 0 0 37 78549736 0 0 0 500 0 0 0 78550236
29 61260091 3530238 4827474 376629 0 0 129873 8425890 74326909 1976275 1774797 154236 0 0 0 317978 75878844 0 0 0 2671351 0 0 0 78550195
30 60142873 3933697 5337541 497856 0 0 163731 8474458 74364042 1953615 1763978 152740 0 0 0 315781 75912600 0 0 0 2637556 0 0 0 78550156
31 71114251 2802014 4025067 228260 0 0 120516 259987 78543268 726 6053 21 0 0 0 27 78549819 0 0 0 276 0 0 0 78550095
32 71883536 2353063 3832991 140010 0 0 108707 231726 78543698 768 5531 13 0 0 0 23 78549762 0 0 0 271 0 0 0 78550033
33 72733029 1969804 3446815 111851 0 0 93698 194748 78543351 730 5814 20 0 0 0 30 78549649 0 0 0 296 0 0 0 78549945
34 74975160 1222750 2222916 37628 0 0 42226 49184 78543384 676 5763 17 0 0 0 24 78549598 0 0 0 266 0 0 0 78549864
35 75357762 1069245 2016317 31057 0 0 35150 40260 78543655 709 5382 14 0 0 0 31 78549537 0 0 0 254 0 0 0 78549791
36 75611683 960100 1882299 28452 0 0 30973 36171 78543117 730 5786 13 0 0 0 32 78549411 0 0 0 267 0 0 0 78549678
37 75832625 867778 1763844 25100 0 0 28024 32214 78543855 577 5125 9 0 0 0 19 78549333 0 0 0 252 0 0 0 78549585
38 76112346 764497 1616784 12432 0 0 24168 19228 78548581 509 319 14 0 0 0 32 78549220 0 0 0 235 0 0 0 78549455
39 76327643 694099 1481487 9767 0 0 20859 15479 78548279 620 398 12 0 0 0 25 78549114 0 0 0 220 0 0 0 78549334
40 65919911 1942190 2497022 187520 0 0 27744 7974769 74420399 1928928 1739069 152112 0 0 0 308648 75915459 0 0 0 2633697 0 0 0 78549156
41 62878999 2849967 3487417 329795 0 0 70710 8932111 73968134 2145352 1916092 168597 0 0 0 350824 75609784 0 0 0 2939215 0 0 0 78548999
42 72916245 2232891 2913306 193172 0 0 77772 215442 78533031 14744 903 45 0 0 0 105 78547786 0 0 0 1042 0 0 0 78548828
43 62741422 2910146 3678388 296176 0 0 74811 8847673 74032854 2115424 1887553 166393 0 0 0 346392 75655559 0 0 0 2893057 0 0 0 78548616
44 61088235 3549707 4509442 435742 0 0 122185 8843093 74135507 2059591 1855800 163684 0 0 0 333822 75727160 0 0 0 2821244 0 0 0 78548404
45 61911396 3360053 3828515 386920 0 0 88249 8973034 73989491 2128098 1912441 169873 0 0 0 348264 75636696 0 0 0 2911471 0 0 0 78548167
46 60556388 3879132 4754600 478027 0 0 134817 8744967 74215422 2019087 1825473 159868 0 0 0 328081 75777015 0 0 0 2770916 0 0 0 78547931
47 58810774 4011979 4853422 502200 0 0 135832 10233464 73404355 2401047 2146890 192682 0 0 0 402697 75270905 0 0 0 3276766 0 0 0 78547671
48 58814605 4179996 5095284 542647 0 0 151748 9763131 73683912 2268318 2036121 180856 0 0 0 378204 75457982 0 0 0 3089429 0 0 0 78547411
49 69765199 3337313 4529591 325077 0 0 153984 435989 78540744 753 5621 14 0 0 0 21 78546868 0 0 0 285 0 0 0 78547153
50 61691091 3350157 4246835 345697 0 0 103383 8809724 74095999 2072416 1875982 165612 0 0 0 336878 75709741 0 0 0 2837146 0 0 0 78546887
51 58936625 3922367 4974797 500442 0 0 143777 10068639 73505340 2342404 2118086 189923 0 0 0 390894 75334401 0 0 0 3212246 0 0 0 78546647
52 59963843 3788905 4443075 465781 0 0 115653 9769168 73591204 2298843 2086483 186610 0 0 0 383285 75386953 0 0 0 3159472 0 0 0 78546425
53 58142171 4296645 5362353 569909 0 0 164338 10010788 73561528 2325065 2085151 185736 0 0 0 388724 75390249 0 0 0 3155955 0 0 0 78546204
54 57282661 4442039 5630264 604994 0 0 178821 10407202 73367642 2416413 2160083 194100 0 0 0 407743 75274048 0 0 0 3271933 0 0 0 78545981
55 58252240 4455322 5724920 599950 0 0 188018 9325298 73962910 2146100 1915757 168807 0 0 0 352174 75648469 0 0 0 2897279 0 0 0 78545748
56 58320120 4404231 5700886 582803 0 0 185001 9352509 73942505 2143588 1936735 171876 0 0 0 350846 75624026 0 0 0 2921524 0 0 0 78545550
57 58587014 4404134 5754649 582076 0 0 189413 9028075 74127746 2057895 1860699 163891 0 0 0 335130 75746446 0 0 0 2798915 0 0 0 78545361
58 68666133 3594624 5258147 356280 0 0 186627 483375 78537734 1082 6277 32 0 0 0 61 78544592 0 0 0 594 0 0 0 78545186
59 60653513 3550906 4744617 381626 0 0 124723 9089624 73958673 2146803 1918892 169384 0 0 0 351257 75633744 0 0 0 2911265 0 0 0 78545009
60 59063369 4051635 5387022 527439 0 0 166857 9348509 73898825 2168593 1949181 171595 0 0 0 356637 75583404 0 0 0 2961427 0 0 0 78544831
61 59076505 3906274 4789285 484461 0 0 130037 10158092 73382200 2400013 2163549 193959 0 0 0 404933 75289783 0 0 0 3254871 0 0 0 78544654
62 57479087 4468148 5738721 608919 0 0 185428 10064176 73557846 2314865 2096364 187984 0 0 0 387420 75387916 0 0 0 3156563 0 0 0 78544479
63 57126868 4530657 5821362 623162 0 0 189936 10252305 73461948 2356835 2137854 191510 0 0 0 396143 75319739 0 0 0 3224551 0 0 0 78544290
64 57579124 4582901 5978993 629960 0 0 202800 9570314 73855674 2178694 1974651 174897 0 0 0 360176 75562085 0 0 0 2982007 0 0 0 78544092
65 58746220 4467960 5900558 596199 0 0 198621 8634301 74339207 1967581 1766979 152797 0 0 0 317295 75883080 0 0 0 2660779 0 0 0 78543859
66 57644458 4459379 5859322 600773 0 0 192563 9787141 73701678 2257916 2028627 179706 0 0 0 375709 75484063 0 0 0 3059573 0 0 0 78543636
67 57059225 4527049 5897944 620145 0 0 195094 10243958 73458451 2368143 2127458 189705 0 0 0 399658 75314049 0 0 0 3229366 0 0 0 78543415
68 57647764 4513812 5871635 612423 0 0 194343 9703216 73755138 2220107 2020293 178615 0 0 0 369040 75520073 0 0 0 3023120 0 0 0 78543193
69 57434943 4581334 5928718 625488 0 0 198716 9773754 73729258 2233238 2029571 181174 0 0 0 369712 75491792 0 0 0 3051161 0 0 0 78542953
70 57403065 4599729 5987035 629966 0 0 202372 9720520 73768402 2213757 2014147 178360 0 0 0 368021 75513667 0 0 0 3029020 0 0 0 78542687
71 57705468 4615141 5942647 635971 0 0 199606 9443596 73901407 2169535 1944148 171064 0 0 0 356275 75573288 0 0 0 2969141 0 0 0 78542429
72 58593822 4530117 5925861 611792 0 0 200153 8680424 74305475 1984404 1776947 155144 0 0 0 320199 75858776 0 0 0 2683393 0 0 0 78542169
73 59025989 4438596 5833069 586621 0 0 195568 8462066 74407298 1940738 1733237 149888 0 0 0 310748 75919376 0 0 0 2622533 0 0 0 78541909
74 58019471 4452276 5818010 601143 0 0 191536 9459238 73871024 2175636 1963212 174273 0 0 0 357529 75555166 0 0 0 2986508 0 0 0 78541674
75 59202075 4407518 5800082 584241 0 0 193783 8353737 74471144 1901202 1716866 148672 0 0 0 303552 75965046 0 0 0 2576390 0 0 0 78541436
76 59059812 4359323 5716100 571896 0 0 186000 8648094 74300814 1980300 1784799 156423 0 0 0 318889 75835790 0 0 0 2705435 0 0 0 78541225
77 58483368 4417146 5842031 593679 0 0 192152 9012638 74113713 2067739 1857846 163491 0 0 0 338225 75723957 0 0 0 2817057 0 0 0 78541014
78 55638090 4470749 5786985 614518 0 0 181963 11848536 72571132 2777381 2481102 228807 0 0 0 482419 74863718 0 0 0 3677123 0 0 0 78540841
79 57301868 4630180 6078443 644588 0 0 207932 9677674 73795907 2222256 1983619 174277 0 0 0 364626 75615959 0 0 0 2924726 0 0 0 78540685
80 57422884 4598747 6000724 627076 0 0 201194 9689882 73768531 2222281 2003543 178631 0 0 0 367521 75519241 0 0 0 3021266 0 0 0 78540507
81 57851933 4670144 6236740 643486 0 0 218979 8919104 74217427 2019296 1817698 159145 0 0 0 326820 75801720 0 0 0 2738666 0 0 0 78540386
82 58108479 4465149 5948692 595197 0 0 198648 9224091 74009746 2101074 1916080 168758 0 0 0 344598 75682525 0 0 0 2857731 0 0 0 78540256
83 58805940 4473334 5934751 593152 0 0 199700 8533286 74377853 1949039 1747026 152014 0 0 0 314231 75905989 0 0 0 2634174 0 0 0 78540163
84 57883568 4416151 5809175 589124 0 0 188608 9653424 73754551 2235997 2004212 176473 0 0 0 368817 75506915 0 0 0 3033135 0 0 0 78540050
85 57850389 4511760 5922099 612431 0 0 196841 9446457 73881949 2176267 1949998 172045 0 0 0 359718 75577252 0 0 0 2962725 0 0 0 78539977
86 58254807 4479675 5846000 601447 0 0 192591 9165376 74030410 2097378 1900138 167908 0 0 0 344062 75676106 0 0 0 2863790 0 0 0 78539896
87 58303354 4484964 5919137 596502 0 0 197562 9038289 74108934 2067618 1863660 165174 0 0 0 334422 75736660 0 0 0 2803148 0 0 0 78539808
88 57670307 4504668 5907354 608634 0 0 194777 9654006 73776098 2212439 2006117 178780 0 0 0 366312 75503276 0 0 0 3036470 0 0 0 78539746
89 58617409 4485239 5924789 601996 0 0 198470 8711782 74280782 1996518 1783632 155564 0 0 0 323189 75827539 0 0 0 2712146 0 0 0 78539685
90 57439009 4471721 5863894 604577 0 0 191100 9969345 73591712 2308409 2070390 183928 0 0 0 385207 75422131 0 0 0 3117515 0 0 0 78539646
91 56944438 4591965 6036477 637174 0 0 201460 10128091 73523311 2339792 2096800 187069 0 0 0 392633 75357689 0 0 0 3181916 0 0 0 78539605
92 57117948 4597837 5989512 635080 0 0 199342 9999849 73594337 2298170 2078624 186094 0 0 0 382343 75407112 0 0 0 3132456 0 0 0 78539568
93 57159402 4654246 6106666 645364 0 0 206677 9767173 73742931 2231794 2015649 179625 0 0 0 369529 75502957 0 0 0 3036571 0 0 0 78539528
94 58888199 4558552 6063063 606657 0 0 207195 8215816 74569679 1853470 1675779 145634 0 0 0 294920 76031083 0 0 0 2508399 0 0 0 78539482
95 57934150 4466056 5909826 591515 0 0 194477 9443410 73880844 2179752 1948488 172536 0 0 0 357814 75588620 0 0 0 2950814 0 0 0 78539434
96 58435772 4473393 5959053 596537 0 0 199359 8875279 74192641 2033421 1823794 159008 0 0 0 330529 75793676 0 0 0 2745717 0 0 0 78539393
97 58876777 4364715 5751386 570029 0 0 187593 8788845 74211669 2026327 1814395 158673 0 0 0 328281 75808145 0 0 0 2731200 0 0 0 78539345
98 58955934 4414141 5842158 579857 0 0 192367 8554863 74352546 1958335 1759850 154299 0 0 0 314290 75879053 0 0 0 2660267 0 0 0 78539320
99 57823779 4406702 5778611 586255 0 0 185802 9758130 73699931 2249423 2033537 181909 0 0 0 374479 75473040 0 0 0 3066239 0 0 0 78539279
100 57459109 4523414 5912175 619468 0 0 193976 9831095 73679242 2254529 2048717 182762 0 0 0 373987 75452062 0 0 0 3087175 0 0 0 78539237
101 58087999 4514917 5921087 612789 0 0 195401 9207002 74012277 2112809 1900173 167105 0 0 0 346831 75675877 0 0 0 2863318 0 0 0 78539195
102 57977366 4520278 5978287 608345 0 0 199000 9255882 73988768 2124861 1908415 167894 0 0 0 349220 75665571 0 0 0 2873587 0 0 0 78539158
103 58229595 4491315 5973150 604449 0 0 200426 9040194 74103090 2072294 1862129 162464 0 0 0 339152 75740394 0 0 0 2798735 0 0 0 78539129
104 57329157 4491500 5899256 606890 0 0 191691 10020605 73570691 2311786 2084375 188089 0 0 0 384158 75412181 0 0 0 3126918 0 0 0 78539099
105 57637302 4556327 5984190 622856 0 0 198469 9539918 73845374 2180673 1978907 175174 0 0 0 358934 75575325 0 0 0 2963737 0 0 0 78539062
106 58052807 4522810 5937208 607624 0 0 196065 9222519 74004488 2106532 1914439 168902 0 0 0 344672 75666195 0 0 0 2872838 0 0 0 78539033
107 56917415 4591766 6013818 629302 0 0 198590 10188112 73492149 2351471 2112369 188740 0 0 0 394274 75342244 0 0 0 3196759 0 0 0 78539003
108 57557103 4609311 6060684 639943 0 0 204035 9467878 73888460 2167409 1953473 171928 0 0 0 357684 75605836 0 0 0 2933118 0 0 0 78538954
109 57492376 4555346 5955814 619012 0 0 195671 9720691 73731804 2244167 2011866 178230 0 0 0 372843 75500377 0 0 0 3038533 0 0 0 78538910
110 58338803 4556815 6057120 615314 0 0 205020 8765804 74269296 1986362 1803293 157517 0 0 0 322408 75843538 0 0 0 2695338 0 0 0 78538876
111 68126158 3824197 5495194 382358 0 0 196582 514346 78518505 19990 338 0 0 0 0 2 78538575 0 0 0 260 0 0 0 78538835
112 70664129 2844563 4391840 195084 0 0 135166 308022 78517779 20671 353 1 0 0 0 0 78538591 0 0 0 213 0 0 0 78538804
113 71858754 2340321 3843501 148195 0 0 109891 238113 78519337 19153 284 1 0 0 0 0 78538555 0 0 0 220 0 0 0 78538775
114 74159059 1585915 2587243 67934 0 0 54856 83730 78518321 20093 321 0 0 0 0 2 78538518 0 0 0 219 0 0 0 78538737
115 74590940 1407139 2363313 58306 0 0 47437 71568 78519783 18595 323 1 0 0 0 1 78538491 0 0 0 212 0 0 0 78538703
116 74847818 1314025 2205270 59737 0 0 41415 70404 78516514 21854 301 0 0 0 0 0 78538391 0 0 0 278 0 0 0 78538669
117 75111300 1209986 2060448 54912 0 0 37149 64836 78517390 21004 237 0 0 0 0 0 78538378 0 0 0 253 0 0 0 78538631
118 75561535 968918 1920862 22296 0 0 32994 31981 78537956 407 223 0 0 0 0 0 78538584 0 0 0 2 0 0 0 78538586
119 75814354 864418 1790007 16515 0 0 29228 24020 78537820 474 248 0 0 0 0 0 78538541 0 0 0 1 0 0 0 78538542
