0 28342460 4285208 6012265 783315 0 0 124351 17776188 47887706 4192559 3918792 426725 0 0 0 898005 51458780 0 0 0 5865007 0 0 0 57323787
1 24845156 5428369 7200305 1390121 0 0 197764 18262041 48011645 4147336 3862510 415099 0 0 0 887166 51540743 0 0 0 5783013 0 0 0 57323756
2 23225900 5872037 7385138 1591378 0 0 209955 19039311 47658384 4299121 3995249 435682 0 0 0 935283 51303755 0 0 0 6019964 0 0 0 57323719
3 21193739 6348234 8128019 1959551 0 0 277910 19416233 47832129 4209628 3948487 426010 0 0 0 907432 51416467 0 0 0 5907219 0 0 0 57323686
4 21293690 6437372 8189617 1984288 0 0 288903 19129783 48014148 4128685 3881339 419020 0 0 0 880461 51555095 0 0 0 5768558 0 0 0 57323653
5 21154605 6489526 8185076 2005398 0 0 292529 19196483 47993733 4138573 3888339 420281 0 0 0 882691 51535693 0 0 0 5787924 0 0 0 57323617
6 20201683 6419262 7979999 2005459 0 0 285935 20431246 47226288 4474316 4167303 464447 0 0 0 991230 51061811 0 0 0 6261773 0 0 0 57323584
7 20428874 6613012 8210015 2101386 0 0 297213 19673044 47760105 4263450 3952881 428779 0 0 0 918329 51404574 0 0 0 5918970 0 0 0 57323544
8 19870200 6561870 8149846 2108807 0 0 295593 20337197 47361632 4437657 4098579 451663 0 0 0 973982 51209570 0 0 0 6113943 0 0 0 57323513
9 20151471 6724365 8489352 2213528 0 0 321761 19422993 48026698 4143586 3862421 414191 0 0 0 876574 51634301 0 0 0 5689169 0 0 0 57323470
10 20362574 6716799 8540656 2186574 0 0 326679 19190147 48117172 4097355 3832273 413638 0 0 0 862991 51677788 0 0 0 5645641 0 0 0 57323429
11 19868254 6693086 8619409 2223281 0 0 333983 19585390 47916892 4183267 3906521 426072 0 0 0 890651 51543864 0 0 0 5779539 0 0 0 57323403
12 19015215 6622062 8539340 2264848 0 0 333060 20548837 47323292 4449007 4118295 458889 0 0 0 973879 51197088 0 0 0 6126274 0 0 0 57323362
13 19342076 6836644 8942017 2394349 0 0 352137 19456108 48091144 4130908 3817661 409522 0 0 0 874096 51679861 0 0 0 5643470 0 0 0 57323331
14 18768728 6758153 8895846 2400459 0 0 354052 20146060 47677667 4309632 3974265 433055 0 0 0 928679 51449631 0 0 0 5873667 0 0 0 57323298
15 18451922 6780445 9080485 2481515 0 0 372705 20156190 47765929 4253439 3961489 429997 0 0 0 912408 51472468 0 0 0 5850794 0 0 0 57323262
16 18560395 6802880 9133289 2487233 0 0 377818 19961612 47855317 4210195 3929312 429260 0 0 0 899143 51540534 0 0 0 5782693 0 0 0 57323227
17 17939531 6735935 9033975 2506600 0 0 376642 20730504 47415341 4389676 4106792 454196 0 0 0 957182 51229649 0 0 0 6093538 0 0 0 57323187
18 18187272 6882366 9205848 2566152 0 0 384292 20097238 47811489 4244927 3930592 428562 0 0 0 907598 51520816 0 0 0 5802352 0 0 0 57323168
19 18389822 6922438 9252093 2558528 0 0 381301 19818947 47990070 4173390 3857687 416466 0 0 0 885516 51630138 0 0 0 5692991 0 0 0 57323129
20 17904696 6814649 9124132 2540008 0 0 379815 20559800 47530354 4373508 4030764 441303 0 0 0 947171 51335102 0 0 0 5987998 0 0 0 57323100
21 17861007 6808583 9164333 2563655 0 0 384385 20541097 47575010 4333267 4034475 442448 0 0 0 937860 51324349 0 0 0 5998711 0 0 0 57323060
22 17692579 6782330 9113431 2564575 0 0 384842 20785263 47407489 4393107 4108445 456314 0 0 0 957665 51247031 0 0 0 6075989 0 0 0 57323020
23 17711121 6847947 9215307 2610148 0 0 393641 20544820 47601866 4313734 4034924 442446 0 0 0 930014 51344716 0 0 0 5978268 0 0 0 57322984
24 17342915 6786770 9070585 2586900 0 0 381888 21153880 47184950 4508130 4170032 465777 0 0 0 994049 51108411 0 0 0 6214527 0 0 0 57322938
25 17741485 6935685 9303055 2656174 0 0 391251 20295253 47775976 4263206 3942798 428103 0 0 0 912820 51479763 0 0 0 5843140 0 0 0 57322903
26 17654693 6865490 9206728 2605738 0 0 385281 20604934 47551380 4360645 4028023 439592 0 0 0 943224 51365297 0 0 0 5957567 0 0 0 57322864
27 17384802 6806026 9203775 2621850 0 0 391020 20915360 47411810 4406493 4094697 451222 0 0 0 958611 51241839 0 0 0 6080994 0 0 0 57322833
28 18234079 6962561 9446915 2638856 0 0 403732 19636653 48164600 4077991 3814708 410020 0 0 0 855477 51711740 0 0 0 5611056 0 0 0 57322796
29 17636938 6783341 9177211 2563199 0 0 388419 20773633 47432180 4389913 4094574 452490 0 0 0 953584 51234285 0 0 0 6088456 0 0 0 57322741
30 17379902 6808669 9173880 2613388 0 0 389402 20957454 47347106 4439646 4109201 456134 0 0 0 970608 51223057 0 0 0 6099638 0 0 0 57322695
31 29718234 8698857 12598144 2585121 0 0 525672 3196620 57307967 1185 13371 33 0 0 0 92 57322043 0 0 0 605 0 0 0 57322648
32 35137920 7281485 11238464 1362196 0 0 420738 1881787 57308120 1098 13245 46 0 0 0 81 57322026 0 0 0 564 0 0 0 57322590
33 37738836 6272056 10478003 993883 0 0 388217 1451531 57308313 1100 12974 44 0 0 0 95 57321951 0 0 0 575 0 0 0 57322526
34 42370090 4932954 8568114 514620 0 0 256540 680138 57308071 1051 13195 48 0 0 0 91 57321830 0 0 0 626 0 0 0 57322456
35 43447125 4578840 8051010 436829 0 0 225564 582997 57308070 1063 13092 46 0 0 0 94 57321819 0 0 0 546 0 0 0 57322365
36 44332077 4309622 7588035 380527 0 0 201143 510873 57308077 1059 13012 32 0 0 0 97 57321692 0 0 0 585 0 0 0 57322277
37 45073858 4052578 7224407 335983 0 0 181588 453764 57308822 906 12334 36 0 0 0 80 57321609 0 0 0 569 0 0 0 57322178
38 45954617 3748087 6811926 267130 0 0 164159 376132 57319953 874 1108 32 0 0 0 84 57321550 0 0 0 501 0 0 0 57322051
39 46673855 3462795 6480099 229099 0 0 151439 324638 57319403 984 1402 48 0 0 0 88 57321398 0 0 0 527 0 0 0 57321925
40 28799703 4191776 5914306 740337 0 0 123872 17551801 48036182 4137778 3855130 418713 0 0 0 873992 51496436 0 0 0 5825359 0 0 0 57321795
41 24884590 5367854 7084956 1371329 0 0 201770 18411113 47932747 4179318 3897041 424336 0 0 0 888170 51472259 0 0 0 5849353 0 0 0 57321612
42 24028750 5943455 7402108 1584005 0 0 217159 18145950 48196970 4088401 3769301 406030 0 0 0 860725 51626903 0 0 0 5694524 0 0 0 57321427
43 21478697 6348135 7976159 1904598 0 0 271606 19342023 47827209 4252603 3905679 423988 0 0 0 911739 51397909 0 0 0 5923309 0 0 0 57321218
44 20714902 6389264 7960221 1970219 0 0 281791 20004631 47482027 4402297 4036785 444586 0 0 0 955333 51215598 0 0 0 6105430 0 0 0 57321028
45 20569155 6474868 8027530 2030194 0 0 292390 19926680 47593616 4339146 4010837 440207 0 0 0 937011 51286939 0 0 0 6033878 0 0 0 57320817
46 20324523 6523797 8060557 2064363 0 0 301587 20045746 47540172 4345602 4046405 448549 0 0 0 939845 51256124 0 0 0 6064449 0 0 0 57320573
47 19379708 6470289 7984094 2103957 0 0 303147 21079156 46945905 4591032 4280472 481027 0 0 0 1021915 50888224 0 0 0 6432127 0 0 0 57320351
48 19450278 6650692 8196132 2207240 0 0 315798 20499961 47341321 4445406 4102113 455759 0 0 0 975502 51157386 0 0 0 6162715 0 0 0 57320101
49 19780048 6786054 8399599 2245409 0 0 324185 19784572 47820308 4249135 3916290 424445 0 0 0 909689 51439994 0 0 0 5879873 0 0 0 57319867
50 18691057 6624465 8274625 2251429 0 0 325103 21152931 46992104 4600646 4231492 472305 0 0 0 1023063 50954517 0 0 0 6365093 0 0 0 57319610
51 18985793 6777294 8644390 2375051 0 0 351977 20184885 47696590 4287257 3982457 434508 0 0 0 918578 51400837 0 0 0 5918553 0 0 0 57319390
52 18601087 6710404 8632988 2370614 0 0 354656 20649454 47379450 4408474 4113976 455786 0 0 0 961517 51202707 0 0 0 6116496 0 0 0 57319203
53 18040422 6737576 8806488 2477733 0 0 373023 20883781 47333370 4431950 4130962 457286 0 0 0 965455 51204376 0 0 0 6114647 0 0 0 57319023
54 17583870 6726201 8804934 2520580 0 0 372237 21310997 47059094 4560003 4216323 473730 0 0 0 1009669 51017104 0 0 0 6301715 0 0 0 57318819
55 17834051 6922989 9132476 2633815 0 0 389944 20405377 47714527 4290901 3959247 431388 0 0 0 922589 51443213 0 0 0 5875439 0 0 0 57318652
56 17561308 6853530 9078812 2611049 0 0 388264 20825513 47434958 4414304 4061543 446285 0 0 0 961386 51260643 0 0 0 6057833 0 0 0 57318476
57 16957544 6756273 9019193 2643124 0 0 394882 21547281 47047523 4562210 4230872 470655 0 0 0 1007037 51014612 0 0 0 6303685 0 0 0 57318297
58 16803724 6760116 9022965 2674414 0 0 399203 21657744 46979371 4578180 4266342 479803 0 0 0 1014470 50975582 0 0 0 6342584 0 0 0 57318166
59 17794448 7053821 9458624 2758128 0 0 421716 19831257 48159083 4079257 3811165 411114 0 0 0 857375 51697828 0 0 0 5620166 0 0 0 57317994
60 17356908 6879903 9187877 2651635 0 0 403912 20837607 47452731 4402007 4059732 448887 0 0 0 954485 51281963 0 0 0 6035879 0 0 0 57317842
61 16943626 6842751 9132262 2687124 0 0 400725 21311182 47205613 4510345 4152313 459552 0 0 0 989847 51122093 0 0 0 6195577 0 0 0 57317670
62 17463886 6948146 9272580 2702691 0 0 404178 20526058 47669856 4316354 3972734 432098 0 0 0 926497 51445543 0 0 0 5871996 0 0 0 57317539
63 16951217 6814717 9150263 2676289 0 0 401713 21323161 47199024 4495313 4176316 461843 0 0 0 984864 51123124 0 0 0 6194236 0 0 0 57317360
64 17080108 6877945 9281187 2733316 0 0 416304 20928324 47467366 4372234 4079377 450421 0 0 0 947786 51314805 0 0 0 6002379 0 0 0 57317184
65 16909395 6821623 9169164 2703175 0 0 406029 21307632 47207820 4481093 4180146 465665 0 0 0 982294 51164496 0 0 0 6152522 0 0 0 57317018
66 17237305 6965811 9353496 2752276 0 0 414955 20592971 47663506 4305311 3985554 435696 0 0 0 926747 51446753 0 0 0 5870061 0 0 0 57316814
67 17281947 6933821 9302007 2709843 0 0 404503 20684513 47585947 4346088 4008965 437942 0 0 0 937692 51375848 0 0 0 5940786 0 0 0 57316634
68 17102193 6885368 9263522 2709940 0 0 405536 20949888 47418439 4420783 4069802 448237 0 0 0 959186 51297551 0 0 0 6018896 0 0 0 57316447
69 17266283 6890851 9326184 2708632 0 0 408683 20715594 47588209 4328127 4027082 440203 0 0 0 932606 51356336 0 0 0 5959891 0 0 0 57316227
70 17403200 6894837 9344444 2693105 0 0 412903 20567481 47653029 4292580 4007180 440800 0 0 0 922381 51406830 0 0 0 5909140 0 0 0 57315970
71 17092613 6822153 9242338 2680341 0 0 406931 21071360 47337290 4421511 4135807 456939 0 0 0 964189 51214557 0 0 0 6101179 0 0 0 57315736
72 17005638 6854423 9224603 2698993 0 0 404574 21127255 47281453 4467165 4126372 460178 0 0 0 980318 51188892 0 0 0 6126594 0 0 0 57315486
73 16960256 6875008 9228234 2709674 0 0 398753 21143339 47298201 4465070 4119450 456038 0 0 0 976505 51193493 0 0 0 6121771 0 0 0 57315264
74 16470280 6773757 9096660 2710067 0 0 395528 21868728 46848002 4658461 4288859 479760 0 0 0 1039938 50920097 0 0 0 6394923 0 0 0 57315020
75 17187936 6963761 9456359 2781795 0 0 417788 20507170 47763497 4254947 3955165 430563 0 0 0 910637 51458005 0 0 0 5856804 0 0 0 57314809
76 16950811 6822605 9250306 2690606 0 0 406249 21194042 47256759 4457314 4161616 462536 0 0 0 976394 51137267 0 0 0 6177352 0 0 0 57314619
77 16998187 6873271 9351251 2738884 0 0 414403 20938414 47466773 4365741 4081869 450375 0 0 0 949652 51267863 0 0 0 6046547 0 0 0 57314410
78 16235489 6674369 8971934 2680622 0 0 388965 22362846 46493170 4781122 4443301 508575 0 0 0 1088057 50766223 0 0 0 6548002 0 0 0 57314225
79 15253644 6594951 8810880 2757779 0 0 385054 23511734 45855823 5055726 4673630 542048 0 0 0 1186815 50330736 0 0 0 6983306 0 0 0 57314042
80 15995987 6895345 9229918 2881109 0 0 406509 21905044 46937387 4619169 4250186 475648 0 0 0 1031522 50955436 0 0 0 6358476 0 0 0 57313912
81 15725850 6776620 9138268 2824450 0 0 406381 22442217 46619314 4731588 4394542 498782 0 0 0 1069560 50712037 0 0 0 6601749 0 0 0 57313786
82 15934681 6848558 9297694 2869922 0 0 421699 21941105 46955464 4582858 4278038 479969 0 0 0 1017330 50974904 0 0 0 6338755 0 0 0 57313659
83 16094552 6819472 9228410 2814868 0 0 411211 21945047 46893181 4607457 4301531 485356 0 0 0 1026035 50934276 0 0 0 6379284 0 0 0 57313560
84 16572958 6959949 9421649 2846172 0 0 417138 21095606 47414670 4412680 4075547 451698 0 0 0 958877 51282194 0 0 0 6031278 0 0 0 57313472
85 16787259 6941853 9398062 2779512 0 0 405650 21001045 47440430 4401966 4064657 446975 0 0 0 959353 51267593 0 0 0 6045788 0 0 0 57313381
86 16786392 6900520 9365791 2758926 0 0 406852 21094830 47367633 4437628 4089057 451480 0 0 0 967513 51225633 0 0 0 6087678 0 0 0 57313311
87 16966557 6875157 9397587 2740382 0 0 407049 20926515 47468729 4381196 4071470 445323 0 0 0 946529 51298217 0 0 0 6015030 0 0 0 57313247
88 17091897 6877568 9396001 2722966 0 0 409345 20815412 47499865 4357826 4061486 449249 0 0 0 944763 51300452 0 0 0 6012737 0 0 0 57313189
89 16968587 6836607 9357363 2716574 0 0 406159 21027852 47370605 4409587 4118319 456135 0 0 0 958496 51240290 0 0 0 6072852 0 0 0 57313142
90 16532414 6780318 9193029 2708409 0 0 394653 21704273 46924149 4613758 4266953 480762 0 0 0 1027474 50964937 0 0 0 6348159 0 0 0 57313096
91 16490096 6834551 9254697 2761471 0 0 394975 21577251 47056729 4566302 4208958 470352 0 0 0 1010700 51032820 0 0 0 6280221 0 0 0 57313041
92 16797418 6912409 9397718 2778261 0 0 402294 21024904 47400072 4424035 4077989 448332 0 0 0 962576 51275164 0 0 0 6037840 0 0 0 57313004
93 16368994 6766629 9247137 2743561 0 0 399683 21786968 46946758 4601336 4268074 475895 0 0 0 1020909 50979967 0 0 0 6333005 0 0 0 57312972
94 17741122 7072205 9759663 2802076 0 0 426098 19511770 48359392 3996172 3729177 398422 0 0 0 829771 51845755 0 0 0 5467179 0 0 0 57312934
95 16418975 6630817 9039506 2609894 0 0 384345 22229361 46549461 4750198 4433364 504549 0 0 0 1075326 50673611 0 0 0 6639287 0 0 0 57312898
96 16732749 6872311 9367750 2771234 0 0 404481 21164327 47304073 4452887 4119756 459949 0 0 0 976187 51178160 0 0 0 6134692 0 0 0 57312852
97 17379316 6934951 9396664 2701356 0 0 391605 20508924 47644339 4318625 3983962 435596 0 0 0 930294 51408272 0 0 0 5904544 0 0 0 57312816
98 16925465 6854735 9332182 2705384 0 0 394834 21100176 47317183 4460433 4107710 454656 0 0 0 972794 51210383 0 0 0 6102393 0 0 0 57312776
99 16894482 6792023 9284530 2687500 0 0 393411 21260790 47228313 4476073 4163891 462466 0 0 0 981993 51144396 0 0 0 6168340 0 0 0 57312736
100 16588369 6718758 9147119 2675341 0 0 388658 21794462 46867191 4621880 4308006 487059 0 0 0 1028571 50913072 0 0 0 6399635 0 0 0 57312707
101 16753203 6825811 9310781 2735938 0 0 397565 21289370 47219928 4471950 4173345 465293 0 0 0 982152 51102081 0 0 0 6210587 0 0 0 57312668
102 17235344 6930053 9439608 2727093 0 0 399090 20581461 47630769 4317340 3994642 438865 0 0 0 931033 51391766 0 0 0 5920883 0 0 0 57312649
103 16819160 6813653 9259862 2686496 0 0 386667 21346771 47155252 4527290 4172844 462807 0 0 0 994416 51125712 0 0 0 6186897 0 0 0 57312609
104 16823647 6819338 9273710 2699009 0 0 389092 21307778 47173517 4517269 4164758 462871 0 0 0 994159 51132629 0 0 0 6179945 0 0 0 57312574
105 17388011 6897360 9458690 2704318 0 0 397200 20466960 47705101 4279831 3980217 431943 0 0 0 915447 51452402 0 0 0 5860137 0 0 0 57312539
106 17405488 6853164 9409552 2664646 0 0 397453 20582203 47606564 4311427 4025913 441998 0 0 0 926604 51372407 0 0 0 5940099 0 0 0 57312506
107 17376007 6827884 9380401 2652605 0 0 394097 20681480 47541698 4336631 4050795 446568 0 0 0 936782 51329624 0 0 0 5982850 0 0 0 57312474
108 17777851 6912785 9439637 2646608 0 0 391882 20143672 47822809 4234988 3923906 427593 0 0 0 903139 51536644 0 0 0 5775791 0 0 0 57312435
109 17022751 6734076 9140450 2599431 0 0 372595 21443105 47015429 4583339 4226034 471964 0 0 0 1015642 51031040 0 0 0 6281368 0 0 0 57312408
110 17803531 6964027 9517274 2686340 0 0 393035 19948159 47993601 4173537 3846577 414660 0 0 0 883991 51652123 0 0 0 5660243 0 0 0 57312366
111 29705571 8653333 12703306 2559759 0 0 521554 3168801 57278833 32104 1380 1 0 0 0 6 57311875 0 0 0 449 0 0 0 57312324
112 34818813 7323010 11366433 1418767 0 0 427367 1957902 57278841 32084 1365 2 0 0 0 0 57311873 0 0 0 419 0 0 0 57312292
113 37624638 6353200 10457049 1031473 0 0 376369 1469523 57280315 30635 1301 0 0 0 0 1 57311873 0 0 0 379 0 0 0 57312252
114 41848519 5192454 8654889 594899 0 0 250602 770857 57277951 33048 1217 1 0 0 0 3 57311839 0 0 0 381 0 0 0 57312220
115 42894082 4847969 8163680 515196 0 0 219417 671839 57280367 30732 1079 1 0 0 0 4 57311806 0 0 0 377 0 0 0 57312183
116 43776319 4552133 7728548 456972 0 0 199373 598805 57278341 32704 1097 2 0 0 0 6 57311733 0 0 0 417 0 0 0 57312150
117 44542980 4260863 7374690 411465 0 0 183571 538548 57278691 32540 883 1 0 0 0 2 57311680 0 0 0 437 0 0 0 57312117
118 45621584 3817809 6999889 295673 0 0 170536 406589 57310701 518 861 0 0 0 0 0 57312076 0 0 0 4 0 0 0 57312080
119 46376601 3562370 6627918 247724 0 0 153027 344409 57310159 817 1073 0 0 0 0 0 57312049 0 0 0 0 0 0 0 57312049
