0 167922385 1085868 2271263 21742 0 0 26381 26552 171339715 479 13995 2 0 0 0 0 171354149 0 0 0 42 0 0 0 171354191
1 167865519 1257088 2058810 71039 0 0 21607 80127 171307677 45074 1408 13 0 0 0 18 171353110 0 0 0 1080 0 0 0 171354190
2 137654324 4665344 5302100 505971 0 0 46390 23180061 158974547 5490203 5433725 488817 0 0 0 966898 164045570 0 0 0 7308620 0 0 0 171354190
3 161516660 3898349 5073926 346131 0 0 143047 376077 171305600 46601 1893 33 0 0 0 63 171352686 0 0 0 1504 0 0 0 171354190
4 136430620 5405191 5866483 558421 0 0 68840 23024635 159039801 5480627 5381720 483025 0 0 0 969017 164128619 0 0 0 7225571 0 0 0 171354190
5 125140687 8307276 10371109 1030393 0 0 268154 26236571 157635351 6084266 5984960 541302 0 0 0 1108311 163430066 0 0 0 7924124 0 0 0 171354190
6 158323140 5381875 6499927 453277 0 0 197179 498791 171311764 40839 1568 7 0 0 0 11 171353253 0 0 0 936 0 0 0 171354189
7 132307186 6925606 8584954 708376 0 0 178330 22649737 159486613 5284025 5197853 461098 0 0 0 924600 164362592 0 0 0 6991597 0 0 0 171354189
8 115871135 9217007 11353923 1224715 0 0 298651 33388758 153718937 7737104 7672131 735838 0 0 0 1490179 161277288 0 0 0 10076901 0 0 0 171354189
9 128773116 8795569 10012646 1065705 0 0 279585 22427567 159673084 5212677 5099548 454020 0 0 0 914859 164533599 0 0 0 6820589 0 0 0 171354188
10 125615629 9404158 11447987 1129755 0 0 338555 23418104 159258479 5398462 5275187 472978 0 0 0 949082 164298851 0 0 0 7055337 0 0 0 171354188
11 123030559 9876927 12702349 1240201 0 0 405405 24098744 159006854 5490383 5399490 480271 0 0 0 977187 164202610 0 0 0 7151575 0 0 0 171354185
12 123771923 9619229 11891305 1179270 0 0 358624 24533834 158709372 5635525 5518544 495108 0 0 0 995636 163950230 0 0 0 7403955 0 0 0 171354185
13 122036865 9833136 12288750 1225512 0 0 379401 25590521 158153228 5886909 5739973 522260 0 0 0 1051815 163587052 0 0 0 7767133 0 0 0 171354185
14 120448443 10102967 12665657 1281825 0 0 401653 26453639 157693999 6077699 5943315 547325 0 0 0 1091846 163313574 0 0 0 8040610 0 0 0 171354184
15 121190578 10243039 12990469 1303683 0 0 425203 25201212 158376835 5807794 5625586 512663 0 0 0 1031306 163760554 0 0 0 7593630 0 0 0 171354184
16 123825798 10162524 13062829 1269037 0 0 436102 22597892 159828695 5160942 5020654 447623 0 0 0 896268 164623600 0 0 0 6730582 0 0 0 171354182
17 120755352 10197123 13146650 1284114 0 0 428342 25542601 158196175 5897294 5694586 516631 0 0 0 1049496 163671215 0 0 0 7682967 0 0 0 171354182
18 118337788 10465455 13458514 1358495 0 0 444445 27289485 157291269 6287670 6087049 559892 0 0 0 1128302 163117235 0 0 0 8236947 0 0 0 171354182
19 117605242 10651391 13620537 1412756 0 0 453997 27610258 157113655 6351774 6168912 569048 0 0 0 1150792 163038692 0 0 0 8315489 0 0 0 171354181
20 117970259 10846423 14031074 1442672 0 0 485997 26577756 157736486 6063923 5926185 543735 0 0 0 1083852 163382178 0 0 0 7972003 0 0 0 171354181
21 147076014 8749236 13074018 814290 0 0 514514 1126109 171338791 646 14738 2 0 0 0 4 171354128 0 0 0 53 0 0 0 171354181
22 123514725 8791305 11748584 956079 0 0 326081 26017406 157724612 6100550 5893692 543639 0 0 0 1091687 163364051 0 0 0 7990129 0 0 0 171354180
23 120364479 10053157 13487085 1300328 0 0 448546 25700586 158125436 5939906 5711728 519765 0 0 0 1057346 163602609 0 0 0 7751572 0 0 0 171354181
24 123122479 9462031 11598606 1157138 0 0 340994 25672930 157961757 5983649 5812599 531675 0 0 0 1064498 163518234 0 0 0 7835944 0 0 0 171354178
25 121027174 10503841 13888473 1346317 0 0 477420 24110952 159082966 5490888 5338708 478891 0 0 0 962724 164104176 0 0 0 7250001 0 0 0 171354177
26 120984976 10419554 13727496 1324608 0 0 468054 24429488 158881132 5569523 5435461 491594 0 0 0 976466 164012244 0 0 0 7341932 0 0 0 171354176
27 114887291 10753242 13968308 1477185 0 0 469041 29799109 155871130 6871611 6707208 628385 0 0 0 1275842 162492400 0 0 0 8861776 0 0 0 171354176
28 117879963 10968784 14256269 1471795 0 0 502739 26274625 157882825 6023653 5837352 533778 0 0 0 1076567 163500761 0 0 0 7853414 0 0 0 171354175
29 120710549 10729836 14062832 1387643 0 0 490641 23972673 159137991 5483324 5296162 474353 0 0 0 962344 164248152 0 0 0 7106022 0 0 0 171354174
30 118784408 10792048 14361919 1411010 0 0 503941 25500845 158372979 5808523 5633912 512333 0 0 0 1026424 163758346 0 0 0 7595825 0 0 0 171354171
31 147458838 8565880 12974261 776372 0 0 503289 1075531 171341083 653 12433 1 0 0 0 1 171354123 0 0 0 48 0 0 0 171354171
32 155070714 5736001 9450907 292331 0 0 297535 506682 171340077 540 13551 0 0 0 0 2 171354132 0 0 0 38 0 0 0 171354170
33 157063058 4792971 8579495 230721 0 0 254226 433697 171339837 571 13753 1 0 0 0 6 171354146 0 0 0 22 0 0 0 171354168
34 163204536 2805464 5107570 56490 0 0 103476 76632 171340469 532 13167 0 0 0 0 0 171354126 0 0 0 42 0 0 0 171354168
35 164107248 2435516 4620541 44685 0 0 85697 60479 171341666 498 12002 0 0 0 0 0 171354129 0 0 0 37 0 0 0 171354166
36 164776473 2146767 4266886 38206 0 0 74923 50909 171340056 481 13624 2 0 0 0 1 171354131 0 0 0 33 0 0 0 171354164
37 165328638 1898961 3989517 30040 0 0 65924 41081 171340219 468 13470 2 0 0 0 2 171354134 0 0 0 27 0 0 0 171354161
38 165885965 1696990 3660612 21656 0 0 57926 31007 171352785 407 964 0 0 0 0 0 171354154 0 0 0 2 0 0 0 171354156
39 166303724 1539209 3415402 17983 0 0 51353 26482 171352330 423 1399 1 0 0 0 0 171354150 0 0 0 3 0 0 0 171354153
40 132546045 5404069 6673013 566560 0 0 75212 26089253 157347256 6266915 6052549 561237 0 0 0 1126195 163094258 0 0 0 8259894 0 0 0 171354152
41 159198230 4446133 6752849 362895 0 0 199146 394894 171339110 823 14138 24 0 0 0 52 171353680 0 0 0 467 0 0 0 171354147
42 129579249 6278022 7287347 651320 0 0 98069 27460135 156657280 6560800 6354098 591229 0 0 0 1190735 162678721 0 0 0 8675421 0 0 0 171354142
43 118960045 9383538 12030000 1227717 0 0 346492 29406346 156037036 6814554 6628977 618809 0 0 0 1254762 162375914 0 0 0 8978224 0 0 0 171354138
44 125630295 8825378 10181707 1064681 0 0 268694 25383379 158070509 5923184 5778899 529124 0 0 0 1052418 163551348 0 0 0 7802786 0 0 0 171354134
45 119910463 10104004 12545014 1288405 0 0 386978 27119264 157306641 6271679 6077782 561590 0 0 0 1136436 163127284 0 0 0 8226844 0 0 0 171354128
46 119641355 10260341 12865858 1324679 0 0 411165 26850726 157515098 6173589 5998714 551553 0 0 0 1115170 163351061 0 0 0 8003063 0 0 0 171354124
47 118983452 10311368 12687087 1325748 0 0 396525 27649940 157030039 6417340 6175201 569873 0 0 0 1161667 163036254 0 0 0 8317866 0 0 0 171354120
48 149606860 8116086 11457010 729326 0 0 427412 1017420 171351805 576 1732 0 0 0 0 1 171354109 0 0 0 5 0 0 0 171354114
49 122961851 8448782 10546383 921026 0 0 252361 28223705 156503442 6614296 6437963 595421 0 0 0 1202986 162651103 0 0 0 8703005 0 0 0 171354108
50 118914426 10026281 12751044 1314237 0 0 402156 27945961 156907985 6417005 6284190 581972 0 0 0 1162953 162907999 0 0 0 8446106 0 0 0 171354105
51 154247597 6885455 8731229 567901 0 0 289353 632567 171311750 40335 1992 12 0 0 0 13 171353174 0 0 0 928 0 0 0 171354102
52 123262365 8516827 10908603 932810 0 0 276250 27457242 156913301 6451886 6242471 579020 0 0 0 1167419 162920894 0 0 0 8433203 0 0 0 171354097
53 120009728 9969039 13011496 1306114 0 0 417197 26640519 157609211 6148129 5946134 543513 0 0 0 1107106 163341455 0 0 0 8012638 0 0 0 171354093
54 126293769 9094923 10969672 1091167 0 0 314305 23590253 159106133 5482824 5327176 478952 0 0 0 959004 164187207 0 0 0 7166882 0 0 0 171354089
55 121097056 10183955 13400742 1295214 0 0 443422 24933694 158600118 5711857 5538419 500856 0 0 0 1002833 163857561 0 0 0 7496522 0 0 0 171354083
56 118611414 10401139 13606629 1368313 0 0 455126 26911461 157514711 6161284 6019670 554822 0 0 0 1103595 163298168 0 0 0 8055914 0 0 0 171354082
57 118659200 10551028 13705455 1389519 0 0 463515 26585360 157650147 6127244 5929585 545349 0 0 0 1101752 163337534 0 0 0 8016543 0 0 0 171354077
58 147950866 8452058 12632158 774172 0 0 487404 1057416 171339005 710 14348 5 0 0 0 6 171354000 0 0 0 74 0 0 0 171354074
59 124634830 8614867 11491048 926688 0 0 308785 25377853 158080363 5965790 5726390 522785 0 0 0 1058743 163573420 0 0 0 7780651 0 0 0 171354071
60 121666379 9881403 13201250 1261903 0 0 430901 24912233 158604688 5707526 5538504 501107 0 0 0 1002244 163904144 0 0 0 7449925 0 0 0 171354069
61 123400040 9307420 11289659 1127430 0 0 320016 25909501 157817594 6052435 5866947 538218 0 0 0 1078872 163417192 0 0 0 7936874 0 0 0 171354066
62 120660153 10442329 13566570 1347381 0 0 459563 24878067 158652378 5673088 5527478 502817 0 0 0 998302 163931527 0 0 0 7422536 0 0 0 171354063
63 125434613 10113920 13334423 1248612 0 0 454957 20767533 160839690 4721739 4585892 403819 0 0 0 802918 165234488 0 0 0 6119570 0 0 0 171354058
64 121872640 10092326 13225685 1254681 0 0 435156 24473569 158785600 5627471 5455264 494986 0 0 0 990736 164013240 0 0 0 7340817 0 0 0 171354057
65 148632063 8302906 12138274 772769 0 0 455052 1052987 171306367 45887 1790 1 0 0 0 6 171353093 0 0 0 958 0 0 0 171354051
66 123779246 8372344 10931476 914170 0 0 273203 27083608 157127954 6355408 6162533 567257 0 0 0 1140895 163035435 0 0 0 8318612 0 0 0 171354047
67 120795460 9929326 13237122 1292098 0 0 431270 25668766 158170000 5888402 5729348 518584 0 0 0 1047708 163600631 0 0 0 7753411 0 0 0 171354042
68 124888410 9305310 11375862 1130193 0 0 332209 24322053 158696610 5648507 5518529 499989 0 0 0 990402 163967922 0 0 0 7386115 0 0 0 171354037
69 123252023 10257282 13584293 1299987 0 0 464721 22495729 159921280 5118804 4982215 443009 0 0 0 888727 164738154 0 0 0 6615881 0 0 0 171354035
70 117613883 10394643 13468019 1341025 0 0 437279 28099182 156777369 6521078 6287142 584801 0 0 0 1183641 162869701 0 0 0 8484330 0 0 0 171354031
71 120493422 10593222 13854246 1383099 0 0 475615 24554421 158814234 5629787 5430027 488786 0 0 0 991191 164004884 0 0 0 7349141 0 0 0 171354025
72 122104811 10296632 13393579 1295118 0 0 448199 23815681 159201535 5445467 5284519 474195 0 0 0 948304 164204160 0 0 0 7149860 0 0 0 171354020
73 148016050 8340382 12710598 746062 0 0 487214 1053709 171339909 773 13320 5 0 0 0 8 171353886 0 0 0 129 0 0 0 171354015
74 127016263 8292855 11145361 868775 0 0 297843 23732914 158992073 5521933 5390109 487450 0 0 0 962446 164056857 0 0 0 7297154 0 0 0 171354011
75 122785691 9547076 12796370 1187428 0 0 406369 24631072 158635741 5700315 5509540 501185 0 0 0 1007225 163882603 0 0 0 7471403 0 0 0 171354006
76 124012543 9193623 11196799 1102907 0 0 316255 25531874 157959498 6000523 5792786 532013 0 0 0 1069181 163545270 0 0 0 7808731 0 0 0 171354001
77 148934821 8102593 12146297 726561 0 0 452933 990792 171339875 718 13394 2 0 0 0 8 171353892 0 0 0 105 0 0 0 171353997
78 155717985 5555568 9025246 282042 0 0 276180 496971 171337396 14898 1682 4 0 0 0 12 171353824 0 0 0 168 0 0 0 171353992
79 120316530 8157157 10865304 964218 0 0 253640 30797138 155064625 7208660 7074090 664272 0 0 0 1342340 162060222 0 0 0 9293765 0 0 0 171353987
80 154756530 6134695 9092418 508332 0 0 303554 558457 171338711 675 14598 1 0 0 0 1 171353949 0 0 0 37 0 0 0 171353986
81 131564857 6814777 8382976 669173 0 0 157239 23764961 158685000 5676569 5493848 497921 0 0 0 1000645 163881770 0 0 0 7472213 0 0 0 171353983
82 123945373 9443557 12998994 1179737 0 0 419521 23366796 159400014 5364243 5189297 466939 0 0 0 933485 164331926 0 0 0 7022052 0 0 0 171353978
83 126990766 8652972 10628494 1011844 0 0 286335 23783564 158895586 5590783 5395564 485779 0 0 0 986263 164028980 0 0 0 7324995 0 0 0 171353975
84 121886109 9930904 12906953 1257365 0 0 409900 24962742 158541763 5727049 5572468 502185 0 0 0 1010508 163826857 0 0 0 7527116 0 0 0 171353973
85 149668298 7979044 11556393 736373 0 0 421455 992408 171306703 45356 1894 8 0 0 0 10 171352962 0 0 0 1009 0 0 0 171353971
86 127629265 8041461 10634678 844584 0 0 269051 23934932 158863154 5567032 5454199 493413 0 0 0 976173 164007237 0 0 0 7346734 0 0 0 171353971
87 124322307 9318694 12396876 1150752 0 0 387050 23778290 159095349 5492465 5323485 480609 0 0 0 962061 164192540 0 0 0 7161429 0 0 0 171353969
88 155513498 6155059 8465873 447265 0 0 269152 503121 171337840 14188 1920 8 0 0 0 12 171353796 0 0 0 172 0 0 0 171353968
89 126555751 7992969 10425634 848845 0 0 250441 25280328 158067680 5946732 5756793 521118 0 0 0 1061645 163590342 0 0 0 7763626 0 0 0 171353968
90 120746422 9560636 12413813 1217859 0 0 375073 27040162 157345969 6245334 6080882 557215 0 0 0 1124565 163110419 0 0 0 8243546 0 0 0 171353965
91 154677124 6505971 8824479 500966 0 0 287034 558390 171336344 15492 2059 26 0 0 0 43 171353529 0 0 0 435 0 0 0 171353964
92 127074722 8035176 10554570 842069 0 0 262919 24584507 158498762 5735371 5601114 509814 0 0 0 1008902 163793126 0 0 0 7560837 0 0 0 171353963
93 120925045 9569079 12670060 1221416 0 0 391246 26577118 157573783 6155407 5967300 550387 0 0 0 1107087 163318484 0 0 0 8035480 0 0 0 171353964
94 123112670 9180923 11002713 1123038 0 0 303653 26630965 157345303 6260154 6056691 559875 0 0 0 1131939 163134228 0 0 0 8219734 0 0 0 171353962
95 118841660 10403398 13383047 1356442 0 0 434963 26934452 157442458 6239082 5996946 551404 0 0 0 1124072 163205697 0 0 0 8148265 0 0 0 171353962
96 118739099 10579670 13692519 1383450 0 0 456675 26502547 157765164 6074321 5890124 539959 0 0 0 1084392 163374094 0 0 0 7979866 0 0 0 171353960
97 119281497 10618165 13803428 1385448 0 0 464084 25801338 158150872 5901954 5735719 520412 0 0 0 1045003 163633481 0 0 0 7720479 0 0 0 171353960
98 118596505 10636826 13767029 1379047 0 0 465926 26508627 157751613 6071436 5906793 543959 0 0 0 1080159 163365157 0 0 0 7988803 0 0 0 171353960
99 121856974 10516810 13709581 1337339 0 0 470553 23462703 159393359 5363838 5192572 467698 0 0 0 936493 164379880 0 0 0 6974080 0 0 0 171353960
100 121235694 10349084 13434858 1298574 0 0 447335 24588414 158742617 5653717 5467147 496532 0 0 0 993946 164002230 0 0 0 7351729 0 0 0 171353959
101 117871501 10592949 13732819 1374115 0 0 456107 27326467 157246163 6331732 6073039 560886 0 0 0 1142138 163142964 0 0 0 8210994 0 0 0 171353958
102 119292808 10641909 13711404 1382168 0 0 461592 25864077 158111140 5926401 5740696 523711 0 0 0 1052010 163600544 0 0 0 7753414 0 0 0 171353958
103 117769599 10741977 13862313 1419930 0 0 465938 27094201 157430397 6216894 6036752 554421 0 0 0 1115494 163273846 0 0 0 8080112 0 0 0 171353958
104 118854455 10878371 14226670 1440271 0 0 498271 25455918 158382753 5777985 5653957 517182 0 0 0 1022079 163809678 0 0 0 7544278 0 0 0 171353956
105 147555466 8583902 12883425 771167 0 0 497337 1062659 171339459 716 13766 7 0 0 0 8 171353838 0 0 0 118 0 0 0 171353956
106 154295934 5956570 9895039 320599 0 0 318870 566943 171337754 924 15230 11 0 0 0 36 171353576 0 0 0 379 0 0 0 171353955
107 156403248 5146444 8729828 300686 0 0 258897 514852 171306231 46082 1626 3 0 0 0 13 171352889 0 0 0 1066 0 0 0 171353955
108 131591709 6355048 8168094 650883 0 0 141251 24446970 158368964 5805869 5644734 511198 0 0 0 1023190 163770701 0 0 0 7583254 0 0 0 171353955
109 126053307 8290211 10465153 1001148 0 0 271674 25272459 158102713 5914198 5761593 524762 0 0 0 1050686 163634913 0 0 0 7719039 0 0 0 171353952
110 154771533 6244853 9026115 481135 0 0 290274 540042 171339607 677 13668 0 0 0 0 0 171353900 0 0 0 52 0 0 0 171353952
111 156112754 5391471 8727043 320465 0 0 260213 542005 171307912 44221 1805 7 0 0 0 6 171352960 0 0 0 991 0 0 0 171353951
112 157827896 4584929 7967129 269916 0 0 227181 476900 171311746 40552 1641 3 0 0 0 9 171353090 0 0 0 861 0 0 0 171353951
113 163783440 2686169 4552699 111278 0 0 85698 134667 171307468 45002 1470 3 0 0 0 8 171353016 0 0 0 935 0 0 0 171353951
114 164503237 2431921 4102181 111345 0 0 72127 133139 171306789 45742 1402 5 0 0 0 12 171352978 0 0 0 972 0 0 0 171353950
115 165106238 2208663 3755700 100806 0 0 62089 120454 171310634 42347 957 5 0 0 0 7 171353024 0 0 0 926 0 0 0 171353950
116 166163479 1718317 3337760 35096 0 0 52747 46551 171352018 440 1492 0 0 0 0 0 171353949 0 0 0 1 0 0 0 171353950
117 166255342 1842639 3023994 87792 0 0 42707 101476 171307541 45349 1050 5 0 0 0 5 171353016 0 0 0 934 0 0 0 171353950
118 167207410 1379723 2665434 27902 0 0 36945 36536 171352649 389 912 0 0 0 0 0 171353948 0 0 0 2 0 0 0 171353950
119 167741059 1179343 2380708 10435 0 0 27734 14670 171352726 411 812 0 0 0 0 0 171353949 0 0 0 0 0 0 0 171353949
