0 15967624 709710 949001 72596 0 0 11418 2790960 19045380 677806 609932 55425 0 0 0 112766 19570804 0 0 0 930505 0 0 0 20501309
1 15031159 1010837 1274716 129115 0 0 24778 3030690 18949908 718941 652446 59706 0 0 0 120294 19501897 0 0 0 999398 0 0 0 20501295
2 14880227 1128830 1373638 145320 0 0 28791 2944480 19005091 694340 629167 57379 0 0 0 115309 19538514 0 0 0 962772 0 0 0 20501286
3 14284818 1304283 1672185 180389 0 0 43275 3016324 19004583 692055 631260 58168 0 0 0 115208 19540390 0 0 0 960884 0 0 0 20501274
4 14179398 1343002 1715880 187378 0 0 46192 3029408 18997789 698202 630885 57834 0 0 0 116548 19543480 0 0 0 957778 0 0 0 20501258
5 14103933 1359232 1716771 190319 0 0 46383 3084607 18966608 711044 644946 59047 0 0 0 119600 19516838 0 0 0 984407 0 0 0 20501245
6 14188489 1372678 1732732 191590 0 0 48131 2967610 19032954 683021 615642 55837 0 0 0 113776 19560955 0 0 0 940275 0 0 0 20501230
7 13927341 1390271 1739362 194890 0 0 47493 3201860 18908871 736312 669282 61333 0 0 0 125419 19467671 0 0 0 1033546 0 0 0 20501217
8 13822649 1423545 1785376 202980 0 0 50186 3216468 18907486 737135 670891 61244 0 0 0 124448 19471502 0 0 0 1029702 0 0 0 20501204
9 13169209 1460726 1808202 216088 0 0 50761 3796209 18592702 879990 797283 76084 0 0 0 155136 19282159 0 0 0 1219036 0 0 0 20501195
10 13576017 1519368 1922306 229063 0 0 57778 3196650 18930334 728560 658517 60495 0 0 0 123276 19496799 0 0 0 1004383 0 0 0 20501182
11 13449300 1503532 1917579 226735 0 0 56405 3347610 18843529 765715 696135 64707 0 0 0 131075 19452537 0 0 0 1048624 0 0 0 20501161
12 13187471 1544935 2013210 241091 0 0 62724 3451720 18798749 787860 713702 65802 0 0 0 135038 19414301 0 0 0 1086850 0 0 0 20501151
13 13323066 1533212 1996500 233991 0 0 60585 3353781 18849761 763443 693419 63947 0 0 0 130565 19430378 0 0 0 1070757 0 0 0 20501135
14 13220492 1551116 2034764 237423 0 0 63271 3394058 18828415 773916 700719 64812 0 0 0 133262 19411492 0 0 0 1089632 0 0 0 20501124
15 13261103 1562686 2076112 241781 0 0 65139 3294290 18891847 743137 677551 62659 0 0 0 125917 19465473 0 0 0 1035638 0 0 0 20501111
16 13305813 1560164 2078350 239818 0 0 65657 3251299 18907914 739213 666979 62124 0 0 0 124871 19479194 0 0 0 1021907 0 0 0 20501101
17 13042833 1568660 2084682 244273 0 0 65782 3494856 18773960 798433 722981 67828 0 0 0 137884 19387119 0 0 0 1113967 0 0 0 20501086
18 13098779 1586540 2108682 249907 0 0 67167 3389998 18834938 774572 695276 64523 0 0 0 131764 19427784 0 0 0 1073289 0 0 0 20501073
19 12999522 1588834 2105367 249548 0 0 66465 3491323 18782317 794959 719726 67019 0 0 0 137038 19387265 0 0 0 1113794 0 0 0 20501059
20 13057212 1610126 2146784 254940 0 0 69339 3362639 18862273 759230 686993 63793 0 0 0 128751 19448028 0 0 0 1053012 0 0 0 20501040
21 13155995 1597351 2134238 248721 0 0 68576 3296142 18894439 741835 676822 62701 0 0 0 125226 19466204 0 0 0 1034819 0 0 0 20501023
22 16499024 1423274 2112980 166338 0 0 71894 227496 20500493 300 191 8 0 0 0 14 20500917 0 0 0 89 0 0 0 20501006
23 14101625 1294066 1804070 158006 0 0 49156 3094064 18942986 723273 653284 60248 0 0 0 121196 19498468 0 0 0 1002519 0 0 0 20500987
24 13382620 1454542 2002819 218227 0 0 61331 3381432 18820968 780535 701023 64766 0 0 0 133679 19417945 0 0 0 1083026 0 0 0 20500971
25 13909509 1396482 1792845 195095 0 0 47777 3159247 18916065 735754 663884 61218 0 0 0 124034 19480929 0 0 0 1020026 0 0 0 20500955
26 13538349 1531583 2053146 230605 0 0 63210 3084045 18999024 699345 629709 57673 0 0 0 115187 19544228 0 0 0 956710 0 0 0 20500938
27 13394682 1534917 2072076 231571 0 0 64286 3203392 18935223 725775 657929 60788 0 0 0 121209 19491688 0 0 0 1009236 0 0 0 20500924
28 13206576 1544774 2072610 236712 0 0 64074 3376162 18832142 773120 698897 64990 0 0 0 131759 19423746 0 0 0 1077162 0 0 0 20500908
29 13396912 1546615 2081133 237669 0 0 64844 3173721 18947894 721062 651036 59873 0 0 0 121029 19504406 0 0 0 996488 0 0 0 20500894
30 13361138 1545332 2077935 235515 0 0 64433 3216520 18925308 733306 657946 60495 0 0 0 123818 19493828 0 0 0 1007045 0 0 0 20500873
31 16583740 1387387 2064383 168703 0 0 69124 227516 20497323 296 3222 6 0 0 0 6 20500733 0 0 0 120 0 0 0 20500853
32 17615135 1014309 1620090 79541 0 0 46470 125287 20497486 313 3013 6 0 0 0 14 20500729 0 0 0 103 0 0 0 20500832
33 17977293 855968 1457420 64225 0 0 40675 105226 20497386 246 3151 7 0 0 0 17 20500691 0 0 0 116 0 0 0 20500807
34 18872001 566997 980910 26831 0 0 18994 35038 20497471 250 3044 1 0 0 0 5 20500635 0 0 0 136 0 0 0 20500771
35 19035187 502964 893853 22819 0 0 16081 29832 20497445 253 3023 4 0 0 0 11 20500620 0 0 0 116 0 0 0 20500736
36 19146020 456923 835289 21006 0 0 14305 27150 20497559 238 2881 5 0 0 0 10 20500565 0 0 0 128 0 0 0 20500693
37 19235494 419113 786419 20531 0 0 12980 26111 20497192 201 3232 1 0 0 0 22 20500503 0 0 0 145 0 0 0 20500648
38 19374950 368289 723587 9173 0 0 10957 13631 20500260 194 117 5 0 0 0 11 20500480 0 0 0 107 0 0 0 20500587
39 19459199 334342 679395 6830 0 0 9995 10761 20500128 235 146 5 0 0 0 8 20500443 0 0 0 79 0 0 0 20500522
40 15901590 720711 984546 73355 0 0 12415 2807853 19036951 682992 611431 56654 0 0 0 112442 19557924 0 0 0 942546 0 0 0 20500470
41 15172960 1006071 1302887 127890 0 0 25847 2864759 19033847 683362 614258 55921 0 0 0 113026 19551569 0 0 0 948845 0 0 0 20500414
42 14637923 1140177 1397666 147368 0 0 28759 3148447 18885939 752499 671859 62314 0 0 0 127729 19447667 0 0 0 1052673 0 0 0 20500340
43 14080322 1340462 1717898 189143 0 0 45507 3126947 18948552 721819 649289 60177 0 0 0 120442 19490510 0 0 0 1009769 0 0 0 20500279
44 14140425 1360158 1727359 190009 0 0 46815 3035411 19000155 698694 628402 57488 0 0 0 115438 19530866 0 0 0 969311 0 0 0 20500177
45 13911682 1389896 1756048 194826 0 0 48203 3199431 18915690 735747 663852 61535 0 0 0 123262 19468179 0 0 0 1031907 0 0 0 20500086
46 13749382 1418151 1771107 201973 0 0 49468 3309908 18849407 765878 689063 64507 0 0 0 131134 19436118 0 0 0 1063871 0 0 0 20499989
47 13811134 1431993 1787998 205551 0 0 50484 3212718 18906947 740721 664960 61620 0 0 0 125630 19475358 0 0 0 1024520 0 0 0 20499878
48 13771293 1449400 1816338 208682 0 0 51693 3202375 18915514 737210 661761 60690 0 0 0 124606 19480262 0 0 0 1019519 0 0 0 20499781
49 17086860 1263329 1749918 146095 0 0 55022 198479 20496318 334 3028 9 0 0 0 14 20499551 0 0 0 152 0 0 0 20499703
50 14507155 1179548 1522994 134369 0 0 36693 3118862 18923778 732935 659874 60808 0 0 0 122226 19482581 0 0 0 1017040 0 0 0 20499621
51 17378194 1126786 1637483 121481 0 0 51315 184279 20488164 6809 3753 254 0 0 0 558 20494156 0 0 0 5382 0 0 0 20499538
52 15090150 991893 1226052 103190 0 0 21509 3066665 18908481 736873 667344 61805 0 0 0 124956 19473864 0 0 0 1025595 0 0 0 20499459
53 14152022 1329588 1787277 188361 0 0 50639 2991500 19022085 686364 619601 56668 0 0 0 114669 19547786 0 0 0 951601 0 0 0 20499387
54 14275539 1271119 1588481 168699 0 0 38081 3157389 18897673 746289 668243 61554 0 0 0 125549 19468520 0 0 0 1030788 0 0 0 20499308
55 13598263 1458547 1929862 217115 0 0 56825 3238650 18903812 740868 668443 61344 0 0 0 124795 19465757 0 0 0 1033505 0 0 0 20499262
56 13453806 1477669 1952721 222222 0 0 58026 3334758 18850282 764801 690285 64027 0 0 0 129807 19431879 0 0 0 1067323 0 0 0 20499202
57 13624964 1506659 2004035 226252 0 0 60981 3076260 19000361 696097 629983 57733 0 0 0 114977 19541853 0 0 0 957298 0 0 0 20499151
58 13470877 1501173 1995157 224164 0 0 60083 3247638 18900376 742921 668889 61774 0 0 0 125132 19473176 0 0 0 1025916 0 0 0 20499092
59 13435941 1518741 2019441 230153 0 0 62768 3231989 18912235 737040 663949 61497 0 0 0 124312 19478584 0 0 0 1020449 0 0 0 20499033
60 13558822 1511682 1994262 225948 0 0 60876 3147395 18953910 719027 645596 59126 0 0 0 121326 19505731 0 0 0 993254 0 0 0 20498985
61 16811421 1341291 1925807 151675 0 0 62846 205886 20495995 2769 147 5 0 0 0 10 20498828 0 0 0 98 0 0 0 20498926
62 14142383 1249294 1674885 151323 0 0 42585 3238397 18863336 757614 686586 63555 0 0 0 127776 19452031 0 0 0 1046836 0 0 0 20498867
63 13703797 1415836 1894371 207687 0 0 55896 3221229 18909169 736327 668365 61797 0 0 0 123158 19479889 0 0 0 1018927 0 0 0 20498816
64 14096971 1351397 1679220 183235 0 0 42783 3145150 18909886 737978 665714 61526 0 0 0 123652 19482750 0 0 0 1016006 0 0 0 20498756
65 13486344 1502938 1990343 226014 0 0 60285 3232786 18908392 737759 666300 61645 0 0 0 124614 19476828 0 0 0 1021882 0 0 0 20498710
66 13298528 1516445 2011831 231718 0 0 61833 3378276 18830013 774975 696406 64978 0 0 0 132259 19423497 0 0 0 1075134 0 0 0 20498631
67 13201834 1542832 2048042 238995 0 0 63004 3403852 18825392 774554 701188 64865 0 0 0 132560 19418254 0 0 0 1080305 0 0 0 20498559
68 12680809 1568990 2062698 250053 0 0 63753 3872177 18571598 892562 800651 76336 0 0 0 157333 19278496 0 0 0 1219984 0 0 0 20498480
69 13023834 1619245 2144818 261446 0 0 69531 3379523 18850095 761443 693091 64401 0 0 0 129367 19441406 0 0 0 1056991 0 0 0 20498397
70 13067861 1596143 2118054 251478 0 0 67450 3397328 18831294 771884 697352 64805 0 0 0 132979 19427894 0 0 0 1070420 0 0 0 20498314
71 16406992 1458833 2135507 178208 0 0 73642 245055 20495188 2848 186 3 0 0 0 12 20498118 0 0 0 119 0 0 0 20498237
72 14136333 1290190 1772702 157336 0 0 48328 3093250 18941973 723655 650760 59592 0 0 0 122159 19495074 0 0 0 1003065 0 0 0 20498139
73 13493897 1449420 1972054 216980 0 0 60369 3305308 18867448 756253 683672 63304 0 0 0 127351 19441087 0 0 0 1056941 0 0 0 20498028
74 14008146 1384703 1742980 190926 0 0 45499 3125677 18925757 728665 660050 60836 0 0 0 122623 19485608 0 0 0 1012323 0 0 0 20497931
75 13522989 1520659 2013916 228445 0 0 61970 3149861 18957983 713779 647251 59694 0 0 0 119133 19510181 0 0 0 987659 0 0 0 20497840
76 13374749 1529413 2045335 233364 0 0 63860 3251017 18901690 740888 668933 61696 0 0 0 124531 19476408 0 0 0 1021330 0 0 0 20497738
77 13510645 1532434 2060671 233179 0 0 64889 3095859 18985230 702283 634006 58619 0 0 0 117539 19526417 0 0 0 971260 0 0 0 20497677
78 12669549 1542016 2045724 244375 0 0 62363 3933576 18527576 914317 814273 78992 0 0 0 162445 19271467 0 0 0 1226136 0 0 0 20497603
79 12228767 1626715 2135870 275058 0 0 68208 4162929 18419728 960500 862109 83488 0 0 0 171722 19194702 0 0 0 1302845 0 0 0 20497547
80 13195688 1656806 2195167 268296 0 0 72312 3109226 19003416 694176 626860 57358 0 0 0 115685 19541956 0 0 0 955539 0 0 0 20497495
81 13234681 1619382 2182743 251722 0 0 71964 3136938 18982883 701073 637748 58834 0 0 0 116892 19522083 0 0 0 975347 0 0 0 20497430
82 13113568 1604535 2176085 252174 0 0 72454 3278553 18903032 739828 668258 61907 0 0 0 124344 19470487 0 0 0 1026882 0 0 0 20497369
83 13291135 1560442 2079569 238171 0 0 65242 3262765 18895278 744244 670085 62478 0 0 0 125239 19464670 0 0 0 1032654 0 0 0 20497324
84 13179874 1566618 2081683 241120 0 0 65903 3362083 18840480 770346 690719 64235 0 0 0 131501 19430658 0 0 0 1066623 0 0 0 20497281
85 13145719 1583389 2103267 245555 0 0 66837 3352479 18856397 760301 687213 63868 0 0 0 129467 19433662 0 0 0 1063584 0 0 0 20497246
86 13342753 1582581 2110335 242809 0 0 67530 3151202 18962502 712494 644225 58763 0 0 0 119226 19509796 0 0 0 987414 0 0 0 20497210
87 13184703 1571190 2109441 242310 0 0 66968 3322573 18866930 752150 686804 64032 0 0 0 127269 19447128 0 0 0 1050057 0 0 0 20497185
88 13314325 1576027 2128724 243740 0 0 68581 3165769 18950739 716826 649465 59683 0 0 0 120453 19504001 0 0 0 993165 0 0 0 20497166
89 13378231 1555966 2104122 237519 0 0 66413 3154893 18953221 716993 647139 59618 0 0 0 120173 19507063 0 0 0 990081 0 0 0 20497144
90 13420486 1557130 2121224 238331 0 0 67635 3092318 18990873 701482 630092 57010 0 0 0 117667 19537360 0 0 0 959764 0 0 0 20497124
91 16646070 1372292 2045525 155800 0 0 68066 209358 20494752 2214 139 1 0 0 0 5 20497051 0 0 0 60 0 0 0 20497111
92 17589395 1026284 1641450 73819 0 0 47451 118694 20493588 3226 249 11 0 0 0 19 20496882 0 0 0 211 0 0 0 20497093
93 14185935 1166427 1661787 140494 0 0 41440 3300996 18819049 774236 705418 66238 0 0 0 132138 19412163 0 0 0 1084916 0 0 0 20497079
94 14126632 1275746 1680625 175361 0 0 42118 3196581 18876087 752436 678477 62665 0 0 0 127398 19454027 0 0 0 1043036 0 0 0 20497063
95 13944837 1359250 1732481 187926 0 0 43584 3228968 18862808 758506 683360 63433 0 0 0 128939 19453799 0 0 0 1043247 0 0 0 20497046
96 13277591 1525581 2048039 235320 0 0 62176 3348323 18847596 766210 688320 63775 0 0 0 131129 19445765 0 0 0 1051265 0 0 0 20497030
97 13405616 1531592 2059670 235213 0 0 63244 3201677 18934295 725235 656636 59778 0 0 0 121068 19499218 0 0 0 997794 0 0 0 20497012
98 13437085 1530994 2056497 231382 0 0 63408 3177628 18943744 721341 651344 59843 0 0 0 120722 19501283 0 0 0 995711 0 0 0 20496994
99 13220280 1535415 2053955 234644 0 0 63869 3388814 18828075 771636 699885 65677 0 0 0 131704 19420267 0 0 0 1076710 0 0 0 20496977
100 13366448 1542942 2063899 235887 0 0 63924 3223858 18915467 734056 663058 61000 0 0 0 123377 19481966 0 0 0 1014992 0 0 0 20496958
101 13318398 1539173 2048770 235280 0 0 63047 3292276 18876909 749632 680217 63048 0 0 0 127138 19464597 0 0 0 1032347 0 0 0 20496944
102 12793601 1567930 2059320 247480 0 0 63448 3765152 18621079 872329 777389 73800 0 0 0 152334 19323421 0 0 0 1173510 0 0 0 20496931
103 13365418 1589385 2092679 245471 0 0 66055 3137908 18971876 707999 639786 58705 0 0 0 118550 19522925 0 0 0 973991 0 0 0 20496916
104 13403653 1557273 2047342 233371 0 0 62929 3192338 18934436 724319 656128 59855 0 0 0 122168 19495819 0 0 0 1001087 0 0 0 20496906
105 13225653 1573486 2089295 238997 0 0 66031 3303431 18883286 744551 679791 62956 0 0 0 126309 19458170 0 0 0 1038723 0 0 0 20496893
106 13463528 1543085 2054105 232245 0 0 63210 3140708 18957965 715199 644845 59110 0 0 0 119762 19517382 0 0 0 979499 0 0 0 20496881
107 13323362 1541116 2058907 233036 0 0 64273 3276171 18882590 748116 675846 63248 0 0 0 127065 19460850 0 0 0 1036015 0 0 0 20496865
108 16577456 1386232 2070280 168553 0 0 68792 225542 20493509 268 3076 1 0 0 0 1 20496808 0 0 0 47 0 0 0 20496855
109 14045058 1279224 1770047 156843 0 0 46609 3199053 18883858 747999 676133 62486 0 0 0 126358 19456180 0 0 0 1040654 0 0 0 20496834
110 13527543 1450473 1999679 216551 0 0 60695 3241880 18899181 740685 670062 61743 0 0 0 125150 19466318 0 0 0 1030503 0 0 0 20496821
111 17434693 1146977 1634447 109714 0 0 45398 125583 20494615 2078 117 1 0 0 0 1 20496792 0 0 0 20 0 0 0 20496812
112 17701555 984058 1581520 70460 0 0 44506 114700 20493664 3006 128 1 0 0 0 0 20496770 0 0 0 29 0 0 0 20496799
113 18038469 830112 1438537 55180 0 0 39038 95450 20493886 2813 87 0 0 0 0 0 20496760 0 0 0 26 0 0 0 20496786
114 18931324 542220 962550 17759 0 0 18413 24505 20493965 2694 112 0 0 0 0 0 20496740 0 0 0 31 0 0 0 20496771
115 19086751 484193 875127 15159 0 0 15366 20162 20493901 2762 93 1 0 0 0 1 20496721 0 0 0 37 0 0 0 20496758
116 19198799 443122 810937 12822 0 0 13550 17512 20493935 2721 85 1 0 0 0 0 20496714 0 0 0 28 0 0 0 20496742
117 19297714 404780 755476 11510 0 0 11786 15464 20494066 2590 74 0 0 0 0 0 20496701 0 0 0 29 0 0 0 20496730
118 19407699 356855 703426 7284 0 0 10648 10809 20496486 147 88 0 0 0 0 0 20496721 0 0 0 0 0 0 0 20496721
119 19510826 320455 642133 5724 0 0 8970 8599 20496422 193 92 0 0 0 0 0 20496706 0 0 0 1 0 0 0 20496707
