0 73087270 6657829 8984579 943535 0 0 160561 29130761 103926376 6747827 6387148 639669 0 0 0 1263515 110281760 0 0 0 8682775 0 0 0 118964535
1 66806648 8716565 11527793 1612161 0 0 302432 29998833 103833971 6790494 6423562 641642 0 0 0 1274763 110265156 0 0 0 8699276 0 0 0 118964432
2 64902800 9511755 12130922 1825678 0 0 337958 30255235 103733890 6865791 6425238 641866 0 0 0 1297563 110249661 0 0 0 8714687 0 0 0 118964348
3 60337312 10842392 14086747 2289379 0 0 483929 30924510 103897176 6803918 6349989 631971 0 0 0 1281215 110313574 0 0 0 8650695 0 0 0 118964269
4 60073244 10955336 14122356 2315434 0 0 498212 30999610 103853887 6829849 6363199 631836 0 0 0 1285421 110274734 0 0 0 8689458 0 0 0 118964192
5 59394225 11076722 14054811 2338766 0 0 497002 31602594 103597559 6914105 6496212 648781 0 0 0 1307463 110088783 0 0 0 8875337 0 0 0 118964120
6 59806283 11175287 14174342 2355501 0 0 508983 30943643 103966086 6741953 6358116 635500 0 0 0 1262384 110307161 0 0 0 8656878 0 0 0 118964039
7 60098893 11243652 14230908 2356624 0 0 512634 30521254 104218762 6634974 6256684 620857 0 0 0 1232688 110456645 0 0 0 8507320 0 0 0 118963965
8 56682170 11137758 14108269 2431651 0 0 511738 34092306 102144557 7560277 7051527 727417 0 0 0 1480114 109317064 0 0 0 9646828 0 0 0 118963892
9 55514057 11390863 14437879 2585061 0 0 537715 34498237 102027858 7631244 7082549 728849 0 0 0 1493312 109262951 0 0 0 9700861 0 0 0 118963812
10 56133554 11588271 14798536 2651285 0 0 563625 33228462 102790141 7305821 6777625 685827 0 0 0 1404319 109710332 0 0 0 9253401 0 0 0 118963733
11 54523852 11732900 15051942 2738943 0 0 588504 34327503 102315965 7484980 6995774 716604 0 0 0 1450321 109414766 0 0 0 9548878 0 0 0 118963644
12 53972332 11845380 15392906 2822281 0 0 615064 34315592 102346261 7452895 6996393 720849 0 0 0 1447157 109429117 0 0 0 9534438 0 0 0 118963555
13 54518424 11936510 15666239 2855657 0 0 630384 33356261 102929844 7207240 6760209 689884 0 0 0 1376298 109763625 0 0 0 9199850 0 0 0 118963475
14 52581560 11836948 15710328 2914422 0 0 643155 35276966 101791834 7727652 7173453 749421 0 0 0 1521019 109150655 0 0 0 9812724 0 0 0 118963379
15 50981959 11937233 15856919 3032113 0 0 657916 36497147 101180554 8011198 7399342 776199 0 0 0 1595994 108763103 0 0 0 10200184 0 0 0 118963287
16 51822482 12154144 16207688 3106360 0 0 684026 34988510 102089851 7613688 7046741 726174 0 0 0 1486756 109318409 0 0 0 9644801 0 0 0 118963210
17 50772934 12196450 16159960 3124296 0 0 684218 36025261 101576245 7815640 7275361 757210 0 0 0 1538663 108965527 0 0 0 9997592 0 0 0 118963119
18 50539337 12293521 16385350 3184880 0 0 705543 35854410 101707439 7742561 7236771 754195 0 0 0 1522075 109051380 0 0 0 9911661 0 0 0 118963041
19 51036440 12315002 16429637 3170661 0 0 700881 35310338 102008249 7607662 7119375 741766 0 0 0 1485907 109213294 0 0 0 9749665 0 0 0 118962959
20 50978367 12306366 16547960 3194153 0 0 716604 35219424 102023501 7638549 7074509 733821 0 0 0 1492494 109289427 0 0 0 9673447 0 0 0 118962874
21 51038046 12315502 16556456 3194899 0 0 715292 35142583 102091590 7615111 7041754 727083 0 0 0 1487240 109326259 0 0 0 9636519 0 0 0 118962778
22 51379239 12313618 16599876 3184472 0 0 720159 34765327 102287591 7527783 6965988 718160 0 0 0 1463169 109426270 0 0 0 9536421 0 0 0 118962691
23 51408964 12335709 16553263 3165433 0 0 711521 34787729 102325447 7489123 6984329 715655 0 0 0 1448065 109444159 0 0 0 9518460 0 0 0 118962619
24 51202356 12303963 16552631 3164416 0 0 712951 35026216 102169003 7540829 7055380 731202 0 0 0 1466119 109354278 0 0 0 9608255 0 0 0 118962533
25 50652048 12279451 16496314 3177251 0 0 706480 35650903 101817378 7693855 7196384 749483 0 0 0 1505347 109139704 0 0 0 9822743 0 0 0 118962447
26 51242229 12337826 16728227 3206181 0 0 725586 34722285 102321950 7511321 6956408 717700 0 0 0 1454955 109456522 0 0 0 9505812 0 0 0 118962334
27 50970730 12304804 16639305 3195105 0 0 717689 35134616 102098812 7611013 7042547 727575 0 0 0 1482302 109324762 0 0 0 9637487 0 0 0 118962249
28 51419280 12360823 16797839 3206148 0 0 731484 34446552 102509185 7441589 6873711 702871 0 0 0 1434770 109544338 0 0 0 9417788 0 0 0 118962126
29 51156145 12305389 16576889 3164000 0 0 708784 35050817 102190879 7552995 7030089 724215 0 0 0 1463846 109350519 0 0 0 9611505 0 0 0 118962024
30 50462068 12281312 16569989 3191137 0 0 713603 35743808 101781112 7708066 7210256 753311 0 0 0 1509172 109111922 0 0 0 9849995 0 0 0 118961917
31 78528185 13501728 20034823 2552285 1 0 910933 3433830 118947310 1807 12471 61 0 0 0 136 118960898 0 0 0 887 0 0 0 118961785
32 88307035 10478277 16407584 1183642 0 0 664200 1920946 118947066 1742 12704 57 0 0 0 115 118960799 0 0 0 885 0 0 0 118961684
33 92055883 8998761 14897554 881525 0 0 579124 1548683 118947632 1618 12088 57 0 0 0 135 118960681 0 0 0 849 0 0 0 118961530
34 101393569 5980062 10533204 316327 0 0 303395 434816 118947570 1599 12008 81 0 0 0 115 118960490 0 0 0 883 0 0 0 118961373
35 102954435 5456602 9671271 259337 0 0 258865 360677 118947055 1609 12348 67 0 0 0 108 118960283 0 0 0 904 0 0 0 118961187
36 104178202 4987436 9038869 218735 0 0 230116 307639 118947177 1556 12056 69 0 0 0 139 118960128 0 0 0 869 0 0 0 118960997
37 105218501 4601418 8480578 189521 0 0 205075 265647 118947050 1485 12010 70 0 0 0 125 118959881 0 0 0 859 0 0 0 118960740
38 106275507 4181337 7948738 150927 0 0 184287 219634 118956848 1471 1918 60 0 0 0 133 118959616 0 0 0 814 0 0 0 118960430
39 107215431 3851960 7413334 128151 0 0 163768 187495 118956413 1514 2033 67 0 0 0 112 118959306 0 0 0 833 0 0 0 118960139
40 71099188 6607335 8843279 956149 0 0 153072 31300780 102692983 7356441 6804863 694771 0 0 0 1410745 109609012 0 0 0 9350791 0 0 0 118959803
41 65238611 8839724 11555274 1674540 0 0 313985 31337326 103156151 7126215 6653121 672329 0 0 0 1351644 109845020 0 0 0 9114440 0 0 0 118959460
42 63969579 9665609 12148823 1865090 0 0 348967 30961014 103434713 7003044 6540044 662092 0 0 0 1319189 110028812 0 0 0 8930270 0 0 0 118959082
43 57224802 10963050 14050930 2384701 0 0 499115 33836084 102380367 7455031 6963192 719333 0 0 0 1440759 109410971 0 0 0 9547711 0 0 0 118958682
44 56308835 11125418 14240470 2487447 0 0 523994 34272093 102120240 7597179 7031635 728592 0 0 0 1480611 109303750 0 0 0 9654507 0 0 0 118958257
45 56505546 11327967 14328324 2538188 0 0 535276 33722510 102496998 7443452 6876896 703229 0 0 0 1437236 109506288 0 0 0 9451523 0 0 0 118957811
46 55207424 11420513 14391088 2596082 0 0 549930 34792308 101919444 7692425 7105177 734510 0 0 0 1505789 109189192 0 0 0 9768153 0 0 0 118957345
47 55033590 11620637 14576396 2666421 0 0 563669 34496144 102207414 7533365 7031723 721340 0 0 0 1463015 109335944 0 0 0 9620913 0 0 0 118956857
48 55340079 11685042 14726933 2676644 0 0 574916 33952759 102503073 7399201 6916340 711864 0 0 0 1425895 109501233 0 0 0 9455140 0 0 0 118956373
49 54373236 11746259 14853002 2726732 0 0 586478 34670153 102137005 7559500 7066056 731626 0 0 0 1461673 109301244 0 0 0 9654616 0 0 0 118955860
50 54039226 11786217 15102875 2801301 0 0 610955 34614832 102148806 7584120 7024026 724964 0 0 0 1473490 109374220 0 0 0 9581186 0 0 0 118955406
51 53465247 11848955 15276334 2853374 0 0 621198 34889836 102047835 7633862 7057005 729734 0 0 0 1486508 109293332 0 0 0 9661612 0 0 0 118954944
52 53062266 11955345 15603476 2939593 0 0 649840 34743987 102172103 7581420 7008014 720256 0 0 0 1472714 109364926 0 0 0 9589581 0 0 0 118954507
53 52737139 12055654 15805324 2985694 0 0 662999 34707302 102292186 7499102 6995283 717263 0 0 0 1450278 109412538 0 0 0 9541574 0 0 0 118954112
54 52252182 12098262 16034390 3034826 0 0 684412 34849622 102211609 7523081 7033550 728198 0 0 0 1457256 109339643 0 0 0 9614051 0 0 0 118953694
55 52020981 12185710 16221831 3088469 0 0 696795 34739506 102328173 7473978 6987003 719695 0 0 0 1444443 109423660 0 0 0 9529632 0 0 0 118953292
56 51188334 12144133 16301025 3127168 0 0 709886 35482371 101847430 7708963 7143365 744002 0 0 0 1509157 109188527 0 0 0 9764390 0 0 0 118952917
57 51470191 12294894 16501624 3185404 0 0 723634 34776844 102325185 7517276 6944930 712908 0 0 0 1452292 109445803 0 0 0 9506788 0 0 0 118952591
58 50769868 12226764 16403269 3173208 0 0 720753 35658384 101784887 7749318 7158265 739939 0 0 0 1519837 109139089 0 0 0 9813157 0 0 0 118952246
59 51041094 12391895 16582776 3224231 0 0 730714 34981228 102300044 7498228 6989774 718030 0 0 0 1445862 109421914 0 0 0 9530024 0 0 0 118951938
60 52164377 12422833 16692770 3186375 0 0 735965 33749272 102943280 7204529 6745578 687151 0 0 0 1371054 109804080 0 0 0 9147512 0 0 0 118951592
61 52555253 12407664 16714634 3150050 0 0 735139 33388544 103160422 7111937 6658739 675384 0 0 0 1344802 109923930 0 0 0 9027354 0 0 0 118951284
62 51431082 12189248 16482397 3130834 0 0 720310 34997068 102134773 7579928 7035321 727825 0 0 0 1473092 109371374 0 0 0 9579565 0 0 0 118950939
63 50859788 12222258 16454011 3181289 0 0 719118 35514149 101869776 7707969 7131086 735743 0 0 0 1506039 109186617 0 0 0 9763996 0 0 0 118950613
64 50684191 12253542 16500929 3205088 0 0 724354 35582134 101827839 7733682 7136980 739233 0 0 0 1512504 109165005 0 0 0 9785233 0 0 0 118950238
65 50202601 12359215 16548610 3243679 0 0 729597 35866134 101775303 7733467 7184829 745982 0 0 0 1510255 109104515 0 0 0 9845321 0 0 0 118949836
66 50067647 12384324 16635073 3272130 0 0 738766 35851478 101784520 7701022 7208758 749852 0 0 0 1505266 109136247 0 0 0 9813171 0 0 0 118949418
67 49017436 12329269 16510516 3292972 0 0 729152 37069678 101105859 7995848 7471328 788168 0 0 0 1587820 108743548 0 0 0 10205475 0 0 0 118949023
68 49094534 12390471 16746965 3360955 0 0 750427 36605234 101331415 7931100 7347295 769807 0 0 0 1568969 108922390 0 0 0 10026196 0 0 0 118948586
69 49554863 12461284 16814630 3347112 0 0 751580 36018655 101696647 7786012 7191714 745579 0 0 0 1528172 109088985 0 0 0 9859139 0 0 0 118948124
70 49617298 12459203 16857111 3345126 0 0 759022 35909910 101772052 7754786 7155800 743354 0 0 0 1521678 109140163 0 0 0 9807507 0 0 0 118947670
71 50305780 12521571 16873943 3313250 0 0 753931 35178682 102235759 7514199 7023130 718753 0 0 0 1455316 109358253 0 0 0 9588904 0 0 0 118947157
72 51104674 12491778 16886184 3256008 0 0 750507 34457522 102583534 7353685 6887860 707254 0 0 0 1414340 109571197 0 0 0 9375476 0 0 0 118946673
73 51698060 12473907 16883125 3218734 0 0 744103 33928256 102865918 7234138 6776366 692035 0 0 0 1377728 109733901 0 0 0 9212284 0 0 0 118946185
74 50912518 12268372 16672002 3184173 0 0 731279 35177375 102046335 7612084 7072232 732071 0 0 0 1482997 109293935 0 0 0 9651784 0 0 0 118945719
75 52072942 12407975 16906974 3196526 0 0 744362 33616494 102974920 7230774 6684948 678059 0 0 0 1376572 109801815 0 0 0 9143458 0 0 0 118945273
76 51386354 12237111 16621753 3147476 0 0 722583 34829571 102206826 7559632 6994825 717922 0 0 0 1465643 109349235 0 0 0 9595613 0 0 0 118944848
77 50788647 12335367 16682093 3206303 0 0 727796 35204241 102123012 7566287 7059882 725121 0 0 0 1470145 109263987 0 0 0 9680460 0 0 0 118944447
78 50087372 12304056 16526298 3294434 0 0 719261 36012648 101626492 7755717 7282668 758790 0 0 0 1520402 109224755 0 0 0 9719314 0 0 0 118944069
79 49186148 12390207 16614005 3376984 0 0 725697 36650685 101325354 7886368 7401511 773663 0 0 0 1556830 109029231 0 0 0 9914495 0 0 0 118943726
80 49466060 12400009 16817582 3331662 0 0 743959 36184118 101531884 7841101 7262251 760817 0 0 0 1547337 108993891 0 0 0 9949499 0 0 0 118943390
81 49507623 12441213 16852803 3344894 0 0 748110 36048456 101652165 7794015 7213452 749221 0 0 0 1534246 109041295 0 0 0 9901804 0 0 0 118943099
82 50131351 12476740 16966283 3332508 0 0 756736 35279170 102094415 7611264 7032701 722693 0 0 0 1481715 109294273 0 0 0 9648515 0 0 0 118942788
83 51163917 12534540 16959991 3271428 0 0 745513 34267142 102697433 7321987 6825026 699091 0 0 0 1398994 109618160 0 0 0 9324371 0 0 0 118942531
84 51507495 12430907 16861935 3210054 0 0 737965 34193986 102672192 7317961 6846829 702402 0 0 0 1402958 109647520 0 0 0 9294822 0 0 0 118942342
85 51484375 12368738 16757094 3181726 0 0 724135 34426087 102527476 7379404 6905944 708761 0 0 0 1420570 109549084 0 0 0 9393071 0 0 0 118942155
86 50630244 12224155 16585595 3187444 0 0 715511 35599050 101765583 7737410 7172631 749504 0 0 0 1516871 109163094 0 0 0 9778905 0 0 0 118941999
87 50932217 12331979 16736743 3232980 0 0 722196 34985729 102175192 7571966 7007392 719033 0 0 0 1468261 109383415 0 0 0 9558429 0 0 0 118941844
88 50307133 12274001 16621866 3224885 0 0 719200 35794659 101685999 7786533 7192666 746910 0 0 0 1529636 109105099 0 0 0 9836645 0 0 0 118941744
89 49480326 12344582 16624772 3276584 0 0 721471 36493877 101401574 7879122 7342438 764838 0 0 0 1553640 108910625 0 0 0 10030987 0 0 0 118941612
90 49809725 12391122 16737182 3294683 0 0 727058 35981734 101676222 7741131 7250334 755425 0 0 0 1518392 109080677 0 0 0 9860827 0 0 0 118941504
91 50110318 12449956 16847572 3299598 0 0 731900 35502058 101988286 7614888 7118337 739461 0 0 0 1480430 109251123 0 0 0 9690279 0 0 0 118941402
92 49087797 12307780 16732613 3308718 0 0 729401 36774970 101170256 7993059 7407843 780057 0 0 0 1590064 108834826 0 0 0 10106453 0 0 0 118941279
93 49332772 12389428 16830781 3341393 0 0 737798 36309022 101499911 7865375 7267635 757481 0 0 0 1550792 109010026 0 0 0 9931168 0 0 0 118941194
94 49467257 12378061 16788745 3317777 0 0 732786 36256455 101502183 7865808 7263515 758894 0 0 0 1550681 109009070 0 0 0 9932011 0 0 0 118941081
95 49763397 12491409 16896669 3326347 0 0 737772 35725401 101886440 7677185 7141827 739784 0 0 0 1495759 109201224 0 0 0 9739771 0 0 0 118940995
96 49418589 12391246 16735543 3298184 0 0 726153 36371195 101459946 7841116 7324914 770255 0 0 0 1544679 108968586 0 0 0 9972324 0 0 0 118940910
97 49825438 12465398 16865881 3320937 0 0 732342 35730841 101861471 7661385 7175801 746529 0 0 0 1495651 109200377 0 0 0 9740460 0 0 0 118940837
98 48998896 12298997 16675288 3297529 0 0 722423 36947617 101044991 8051128 7456533 787726 0 0 0 1600372 108779809 0 0 0 10160941 0 0 0 118940750
99 49659150 12460612 16951075 3347749 0 0 739893 35782175 101808487 7736296 7140162 743018 0 0 0 1512691 109180123 0 0 0 9760531 0 0 0 118940654
100 49368972 12351899 16772191 3309091 0 0 725055 36413362 101386154 7916541 7310575 763088 0 0 0 1564212 108971180 0 0 0 9969390 0 0 0 118940570
101 49750659 12501846 16942451 3335744 0 0 734396 35675391 101927664 7650096 7134028 738302 0 0 0 1490397 109229710 0 0 0 9710777 0 0 0 118940487
102 50784800 12470811 16950395 3265354 0 0 733037 34736012 102393478 7437075 6956897 719657 0 0 0 1433302 109503997 0 0 0 9436412 0 0 0 118940409
103 49771665 12358601 16743264 3258428 0 0 717316 36091045 101604482 7775674 7277705 758146 0 0 0 1524312 109044966 0 0 0 9895353 0 0 0 118940319
104 49862343 12341091 16853914 3286060 0 0 726000 35870833 101680958 7774371 7202668 753609 0 0 0 1528635 109122637 0 0 0 9817604 0 0 0 118940241
105 49206313 12287065 16660773 3278502 0 0 711991 36795506 101135917 8024790 7407190 777130 0 0 0 1595123 108789748 0 0 0 10150402 0 0 0 118940150
106 48750903 12347481 16777883 3338754 0 0 727025 36998007 101068396 8057836 7429363 780715 0 0 0 1603743 108757238 0 0 0 10182815 0 0 0 118940053
107 49324731 12466911 16868589 3338062 0 0 726663 36215017 101591911 7799804 7258960 756887 0 0 0 1532411 108997776 0 0 0 9942197 0 0 0 118939973
108 49742354 12479837 16955225 3324800 0 0 733257 35704411 101860419 7669632 7165178 747459 0 0 0 1497196 109177949 0 0 0 9761935 0 0 0 118939884
109 49817693 12453893 16905847 3302240 0 0 726892 35733230 101852490 7673522 7167858 747732 0 0 0 1498193 109204830 0 0 0 9734965 0 0 0 118939795
110 49772501 12351482 16869436 3289250 0 0 724289 35932758 101651606 7788440 7213757 756295 0 0 0 1529618 109121367 0 0 0 9818349 0 0 0 118939716
111 77561084 13792364 20400028 2675567 0 0 920625 3589968 118902113 35323 2195 2 0 0 0 3 118939165 0 0 0 471 0 0 0 118939636
112 87325986 10889326 16685659 1303441 0 0 671289 2063862 118901570 35971 2016 2 0 0 0 4 118939155 0 0 0 408 0 0 0 118939563
113 91125815 9456170 15106778 994510 0 0 581643 1674573 118903540 34014 1931 2 0 0 0 2 118939021 0 0 0 468 0 0 0 118939489
114 100316953 6500376 10835749 422385 0 0 313942 550003 118905084 32307 2009 2 0 0 0 6 118938984 0 0 0 424 0 0 0 118939408
115 101802102 5973473 10050627 366372 0 0 270669 476093 118904534 32812 1985 3 0 0 0 2 118938930 0 0 0 406 0 0 0 118939336
116 102982048 5492257 9473080 325558 0 0 243487 422829 118902365 35033 1852 4 0 0 0 5 118938856 0 0 0 403 0 0 0 118939259
117 104046624 5122443 8881555 292537 0 0 217624 378397 118903003 34855 1317 1 0 0 0 4 118938757 0 0 0 423 0 0 0 118939180
118 105534322 4450705 8315309 184411 0 0 196499 257850 118937022 805 1269 0 0 0 0 0 118939092 0 0 0 4 0 0 0 118939096
119 106587274 4091371 7726834 149179 0 0 172824 211511 118936499 910 1584 0 0 0 0 0 118938990 0 0 0 3 0 0 0 118938993
