0 107447351 5245441 6599415 581725 0 0 81758 20437304 129875919 4809293 4513664 407221 0 0 0 786897 134178334 0 0 0 6214660 0 0 0 140392994
1 101043227 7120006 8794862 939020 0 0 172902 22322899 129043450 5173401 4865884 445438 0 0 0 864743 133729883 0 0 0 6663033 0 0 0 140392916
2 98152308 8050656 9450197 1075901 0 0 196001 23467778 128499553 5436999 5073835 465085 0 0 0 917369 133417396 0 0 0 6975445 0 0 0 140392841
3 95091318 9249478 11468054 1303228 0 0 301489 22979200 129053141 5173550 4863310 443867 0 0 0 858899 133710538 0 0 0 6682229 0 0 0 140392767
4 94587554 9493776 11640115 1329404 0 0 310059 23031782 129061917 5163850 4865176 442258 0 0 0 859489 133694814 0 0 0 6697876 0 0 0 140392690
5 94347077 9599652 11808766 1349554 0 0 324073 22963488 129094027 5146651 4853573 444347 0 0 0 854012 133749680 0 0 0 6642930 0 0 0 140392610
6 94459997 9619033 11772151 1348878 0 0 321785 22870697 129094910 5167742 4829765 442358 0 0 0 857766 133767190 0 0 0 6625351 0 0 0 140392541
7 94974644 9587862 11817390 1339487 0 0 330597 22342470 129382223 5038974 4707480 429145 0 0 0 834628 133943964 0 0 0 6448486 0 0 0 140392450
8 93902701 9736887 11837794 1362781 0 0 327916 23224295 128924187 5264161 4881681 445800 0 0 0 876545 133663984 0 0 0 6728390 0 0 0 140392374
9 94467601 9818625 11990313 1375926 0 0 340110 22399746 129410771 5032444 4694857 427547 0 0 0 826702 133938362 0 0 0 6453959 0 0 0 140392321
10 93663570 9898272 12040655 1388541 0 0 336730 23064488 129067765 5179530 4845689 442312 0 0 0 856960 133752267 0 0 0 6639989 0 0 0 140392256
11 92459648 10036558 12425129 1449755 0 0 357068 23664020 128756825 5308779 4983285 460057 0 0 0 883232 133594175 0 0 0 6798003 0 0 0 140392178
12 92945089 10073116 12649338 1464282 0 0 368309 22891978 129151995 5150353 4795305 441015 0 0 0 853444 133842099 0 0 0 6550013 0 0 0 140392112
13 92557834 10100502 12869190 1478356 0 0 383286 23002866 129084062 5193506 4812658 442258 0 0 0 859550 133800110 0 0 0 6591924 0 0 0 140392034
14 91868415 10247247 13063660 1512542 0 0 392090 23307997 128961294 5258848 4854103 445021 0 0 0 872685 133724919 0 0 0 6667032 0 0 0 140391951
15 91938207 10286703 13144821 1518421 0 0 396044 23107682 129107977 5170607 4818265 440424 0 0 0 854605 133792148 0 0 0 6599730 0 0 0 140391878
16 91938625 10373866 13261789 1525839 0 0 399774 22891902 129242629 5107743 4766994 433702 0 0 0 840727 133866331 0 0 0 6525464 0 0 0 140391795
17 92853651 10315936 13378787 1513039 0 0 409156 21921151 129741112 4876641 4564717 415818 0 0 0 793432 134169599 0 0 0 6222121 0 0 0 140391720
18 91556004 10336706 13326765 1528440 0 0 402333 23241400 128985588 5238820 4851432 447580 0 0 0 868228 133750621 0 0 0 6641027 0 0 0 140391648
19 91642466 10350227 13437972 1544408 0 0 414212 23002298 129123834 5173904 4796351 440748 0 0 0 856746 133818382 0 0 0 6573201 0 0 0 140391583
20 91870949 10375984 13307406 1529305 0 0 403151 22904705 129189078 5158839 4757404 434723 0 0 0 851456 133837654 0 0 0 6553846 0 0 0 140391500
21 91547685 10429732 13414454 1543750 0 0 413535 23042261 129151265 5153161 4799347 437088 0 0 0 850556 133796599 0 0 0 6594818 0 0 0 140391417
22 90089001 10525585 13428263 1575092 0 0 406993 24366377 128464944 5451790 5093861 468789 0 0 0 911927 133412823 0 0 0 6978488 0 0 0 140391311
23 90622678 10577381 13627750 1598130 0 0 419914 23545375 128894337 5253159 4917773 454900 0 0 0 871059 133679519 0 0 0 6711709 0 0 0 140391228
24 90956952 10564136 13635355 1589820 0 0 419991 23224902 129038014 5214940 4831042 445298 0 0 0 861862 133773538 0 0 0 6617618 0 0 0 140391156
25 90467980 10543299 13727221 1597780 0 0 429454 23625337 128821127 5315948 4915101 455254 0 0 0 883641 133631692 0 0 0 6759379 0 0 0 140391071
26 90838132 10592609 13622480 1591884 0 0 422990 23322872 128994370 5252251 4834966 442087 0 0 0 867293 133704610 0 0 0 6686357 0 0 0 140390967
27 91452510 10542436 13560431 1567678 0 0 421881 22845945 129275565 5107103 4740380 431397 0 0 0 836436 133874959 0 0 0 6515922 0 0 0 140390881
28 92009008 10528719 13554475 1545915 0 0 417034 22335642 129571417 4964344 4625546 420459 0 0 0 809027 134060397 0 0 0 6330396 0 0 0 140390793
29 93047935 10370980 13520531 1510315 0 0 415606 21525315 129957019 4786630 4467443 406414 0 0 0 773176 134294879 0 0 0 6095803 0 0 0 140390682
30 92338792 10321110 13397363 1509605 0 0 406500 22417216 129436749 5038334 4663696 426219 0 0 0 825588 134001048 0 0 0 6389538 0 0 0 140390586
31 116221033 8647164 13001105 891103 0 0 429623 1200451 140372452 1193 16739 33 0 0 0 62 140389883 0 0 0 596 0 0 0 140390479
32 122747549 6300753 10031190 392476 0 0 281355 637045 140372675 1198 16395 41 0 0 0 59 140389811 0 0 0 557 0 0 0 140390368
33 124797115 5347784 9140514 313556 0 0 249253 542028 140372706 1229 16205 40 0 0 0 70 140389666 0 0 0 584 0 0 0 140390250
34 130423170 3501956 6097743 105867 0 0 117318 144037 140372931 1161 15910 32 0 0 0 57 140389492 0 0 0 599 0 0 0 140390091
35 131306260 3109552 5663400 88726 0 0 101439 120529 140372434 1142 16211 39 0 0 0 80 140389296 0 0 0 610 0 0 0 140389906
36 131967600 2834544 5313299 78561 0 0 89889 105790 140372089 1131 16355 45 0 0 0 63 140389093 0 0 0 590 0 0 0 140389683
37 132625359 2558085 4963678 68759 0 0 80499 93087 140372203 1022 16142 23 0 0 0 77 140388867 0 0 0 600 0 0 0 140389467
38 133422247 2302952 4488118 43253 0 0 68287 64335 140386904 934 1261 38 0 0 0 55 140388633 0 0 0 559 0 0 0 140389192
39 134023974 2083906 4133115 34643 0 0 59857 53378 140386194 1170 1419 40 0 0 0 50 140388363 0 0 0 510 0 0 0 140388873
40 102839651 5552027 6783623 631793 0 0 79393 24502072 127760827 5753937 5395963 502218 0 0 0 975614 132955398 0 0 0 7433161 0 0 0 140388559
41 97082766 7678387 9306638 1059422 0 0 190177 25070812 127654506 5793327 5442774 511935 0 0 0 985660 132932399 0 0 0 7455803 0 0 0 140388202
42 96222479 8449875 9901325 1165763 0 0 215452 24432928 128015778 5658692 5261516 492001 0 0 0 959835 133189480 0 0 0 7198342 0 0 0 140387822
43 92446148 9657229 12122034 1417408 0 0 336679 24407914 128325185 5526390 5130146 476685 0 0 0 929006 133361494 0 0 0 7025918 0 0 0 140387412
44 91496343 9853475 12156266 1439047 0 0 341471 25100327 127990616 5680137 5262812 489626 0 0 0 963738 133147106 0 0 0 7239823 0 0 0 140386929
45 90305370 10018796 12202292 1480279 0 0 347331 26032404 127527800 5865371 5481041 510342 0 0 0 1001918 132874144 0 0 0 7512328 0 0 0 140386472
46 90401820 10201354 12323869 1505396 0 0 351850 25601686 127795926 5736487 5379253 500131 0 0 0 974178 133031980 0 0 0 7353995 0 0 0 140385975
47 89019967 10317859 12509305 1550247 0 0 363185 26624889 127224739 5973810 5624690 532789 0 0 0 1029424 132731935 0 0 0 7653517 0 0 0 140385452
48 88758483 10532512 12852114 1606879 0 0 382102 26252806 127428118 5918383 5506470 517528 0 0 0 1014397 132877291 0 0 0 7507605 0 0 0 140384896
49 89783543 10509633 12952414 1593252 0 0 392013 25153490 128014056 5661973 5260056 491752 0 0 0 956508 133208194 0 0 0 7176151 0 0 0 140384345
50 89436468 10599225 13065550 1601628 0 0 399343 25281631 127983029 5690143 5259634 487926 0 0 0 963113 133169099 0 0 0 7214746 0 0 0 140383845
51 89080886 10644613 13207022 1622050 0 0 408165 25420639 127941141 5686066 5305574 492550 0 0 0 958044 133128269 0 0 0 7255106 0 0 0 140383375
52 89924656 10675297 13360075 1616440 0 0 411539 24394874 128513985 5426538 5069697 468048 0 0 0 904613 133462220 0 0 0 6920661 0 0 0 140382881
53 89577133 10632887 13558783 1628180 0 0 422577 24562893 128395270 5464909 5132662 475912 0 0 0 913700 133408935 0 0 0 6973518 0 0 0 140382453
54 89454063 10692394 13799826 1651591 0 0 434641 24349493 128483602 5456008 5063953 469246 0 0 0 909199 133479504 0 0 0 6902504 0 0 0 140382008
55 89761385 10622052 13845035 1643617 0 0 441072 24068430 128631858 5392537 4996141 462415 0 0 0 898640 133568353 0 0 0 6813238 0 0 0 140381591
56 89638370 10703004 13872006 1643914 0 0 441394 24082497 128648288 5394616 4984962 456498 0 0 0 896821 133568076 0 0 0 6813109 0 0 0 140381185
57 89328646 10741828 13887379 1654670 0 0 442173 24326109 128551034 5410472 5053216 463984 0 0 0 902099 133483241 0 0 0 6897564 0 0 0 140380805
58 89903461 10806250 13936043 1653482 0 0 441348 23639817 128926083 5246412 4895792 445922 0 0 0 866192 133691944 0 0 0 6688457 0 0 0 140380401
59 89597171 10712281 13948352 1647081 0 0 441400 24033722 128689744 5337891 5003922 461926 0 0 0 886524 133602367 0 0 0 6777640 0 0 0 140380007
60 89074134 10774485 14034595 1674845 0 0 444987 24376651 128478547 5459298 5060747 471324 0 0 0 909781 133484999 0 0 0 6894698 0 0 0 140379697
61 89823730 10689506 14026864 1654927 0 0 450628 23733648 128814011 5307607 4923838 452408 0 0 0 881439 133684261 0 0 0 6695042 0 0 0 140379303
62 90248250 10707758 13939982 1632784 0 0 444584 23405541 129002351 5233552 4838322 440303 0 0 0 864371 133770376 0 0 0 6608523 0 0 0 140378899
63 89507574 10722953 13878910 1638364 0 0 443055 24187663 128602507 5387158 5028799 462257 0 0 0 897798 133503574 0 0 0 6874945 0 0 0 140378519
64 89236188 10799105 13890035 1658357 0 0 437509 24356919 128533755 5419431 5059170 464949 0 0 0 900808 133462893 0 0 0 6915220 0 0 0 140378113
65 89621689 10744412 13949620 1653512 0 0 442026 23966437 128715135 5328695 4988013 462011 0 0 0 883842 133600577 0 0 0 6777119 0 0 0 140377696
66 89349031 10764970 14018424 1660398 0 0 445237 24139191 128597421 5402446 5010881 463975 0 0 0 902528 133548800 0 0 0 6828451 0 0 0 140377251
67 89512301 10735856 14032938 1660702 0 0 450383 23984643 128663261 5377650 4982285 460435 0 0 0 893192 133580294 0 0 0 6796529 0 0 0 140376823
68 90139128 10722604 13935314 1636114 0 0 444075 23499094 128943493 5256337 4858955 445451 0 0 0 872093 133732639 0 0 0 6643690 0 0 0 140376329
69 89869012 10711703 13869178 1631363 0 0 440217 23854386 128763396 5320978 4954899 454236 0 0 0 882350 133593972 0 0 0 6781887 0 0 0 140375859
70 88908917 10794514 13876539 1658611 0 0 435969 24700809 128336945 5509635 5134917 473181 0 0 0 920681 133350771 0 0 0 7024588 0 0 0 140375359
71 91665931 10716004 13979485 1617326 0 0 446430 21949632 129782327 4855361 4537164 412461 0 0 0 787495 134174280 0 0 0 6200528 0 0 0 140374808
72 91450775 10589958 13787514 1581309 0 0 431539 22533157 129401681 5050138 4669210 427335 0 0 0 825888 133970557 0 0 0 6403695 0 0 0 140374252
73 91554109 10522996 13850704 1580895 0 0 442264 22422761 129470596 5015705 4642102 424406 0 0 0 820920 134014920 0 0 0 6358809 0 0 0 140373729
74 92551429 10421176 13506180 1531468 0 0 418682 21944297 129706328 4922814 4533277 409807 0 0 0 801006 134154423 0 0 0 6218809 0 0 0 140373232
75 92903775 10379838 13470968 1514964 0 0 417928 21685302 129868109 4831150 4486730 404960 0 0 0 781826 134210222 0 0 0 6162553 0 0 0 140372775
76 90873043 10484482 13410680 1552698 0 0 408472 23642917 128821444 5294383 4928063 452229 0 0 0 876173 133589451 0 0 0 6782841 0 0 0 140372292
77 92786075 10442112 13605533 1544626 0 0 422612 21570924 129925390 4786148 4480148 404758 0 0 0 775438 134260136 0 0 0 6111746 0 0 0 140371882
78 84304820 10505983 13444486 1689941 0 0 401388 30024884 125331182 6820978 6380876 619457 0 0 0 1219009 131795078 0 0 0 8576424 0 0 0 140371502
79 81158446 11130709 14323865 1937337 0 0 463323 31357465 124726719 7081598 6626133 649769 0 0 0 1286926 131436271 0 0 0 8934874 0 0 0 140371145
80 87497118 11409383 14560808 1859917 0 0 477381 24566224 128449065 5482536 5056472 465592 0 0 0 917166 133428729 0 0 0 6942102 0 0 0 140370831
81 89543674 11220433 14772309 1743631 0 0 496161 22594304 129576654 4952437 4615415 417321 0 0 0 808685 134050018 0 0 0 6320494 0 0 0 140370512
82 89602787 11020657 14548640 1684365 0 0 480586 23033203 129310549 5073629 4725633 428521 0 0 0 831906 133893247 0 0 0 6476991 0 0 0 140370238
83 89933276 10681250 13924757 1618113 0 0 439653 23772972 128781925 5294738 4958990 458086 0 0 0 876282 133604270 0 0 0 6765751 0 0 0 140370021
84 90227642 10646353 13822064 1618783 0 0 430699 23624258 128815732 5305098 4915853 454185 0 0 0 878931 133653923 0 0 0 6715876 0 0 0 140369799
85 90228729 10612284 13851255 1615416 0 0 435899 23626031 128809885 5308099 4916608 454019 0 0 0 881003 133640255 0 0 0 6729359 0 0 0 140369614
86 89864908 10692294 13860624 1624649 0 0 435410 23891569 128699597 5367260 4954579 455350 0 0 0 892668 133575859 0 0 0 6793595 0 0 0 140369454
87 90059612 10692716 13844270 1619349 0 0 435120 23718269 128824908 5289334 4926933 451779 0 0 0 876382 133611868 0 0 0 6757468 0 0 0 140369336
88 89571862 10766129 13848743 1638214 0 0 430499 24113778 128623017 5381361 5010110 460652 0 0 0 894085 133507226 0 0 0 6861999 0 0 0 140369225
89 90384192 10704623 13996553 1632585 0 0 440901 23210264 129104281 5153728 4818204 443779 0 0 0 849126 133816940 0 0 0 6552178 0 0 0 140369118
90 90160198 10659850 13958510 1626723 0 0 436790 23526951 128876610 5283004 4884096 449811 0 0 0 875501 133693699 0 0 0 6675323 0 0 0 140369022
91 90870075 10591975 14022171 1610156 0 0 445533 22829001 129253999 5113638 4726999 433855 0 0 0 840420 133915613 0 0 0 6453298 0 0 0 140368911
92 90523314 10580394 13799903 1590717 0 0 428857 23445638 128916426 5268603 4865689 445773 0 0 0 872332 133702630 0 0 0 6666193 0 0 0 140368823
93 90442791 10613170 13830490 1602683 0 0 433182 23446421 128951445 5239023 4869925 445573 0 0 0 862771 133707106 0 0 0 6661631 0 0 0 140368737
94 91567380 10605922 13753085 1573214 0 0 425153 22443879 129492577 4994483 4644385 422614 0 0 0 814574 134019598 0 0 0 6349035 0 0 0 140368633
95 90773843 10544438 13734947 1579105 0 0 423195 23313020 128994788 5202564 4863316 448547 0 0 0 859333 133749696 0 0 0 6618852 0 0 0 140368548
96 90137092 10598451 13800226 1608834 0 0 424703 23799170 128712772 5355373 4953199 457643 0 0 0 889489 133610050 0 0 0 6758426 0 0 0 140368476
97 91128145 10505939 13764047 1586687 0 0 428090 22955485 129155478 5155661 4770038 438960 0 0 0 848256 133871266 0 0 0 6497127 0 0 0 140368393
98 90140984 10601463 13689183 1600706 0 0 422300 23913651 128661138 5389356 4964080 457777 0 0 0 895936 133562051 0 0 0 6806236 0 0 0 140368287
99 92338823 10539319 13798305 1561970 0 0 433244 21696543 129886089 4822743 4476045 403517 0 0 0 779810 134249364 0 0 0 6118840 0 0 0 140368204
100 91631681 10465378 13511930 1534752 0 0 408966 22815414 129261307 5098890 4739588 433088 0 0 0 835248 133882950 0 0 0 6485171 0 0 0 140368121
101 91685072 10452244 13708536 1555177 0 0 424168 22542859 129408204 5017005 4694177 428352 0 0 0 820318 134003182 0 0 0 6364874 0 0 0 140368056
102 92356076 10327937 13514661 1519109 0 0 408672 22241529 129508104 4991556 4628579 423322 0 0 0 816423 134079625 0 0 0 6288359 0 0 0 140367984
103 91010806 10362538 13561270 1552954 0 0 414419 23465921 128854145 5291885 4891680 451982 0 0 0 878216 133705732 0 0 0 6662176 0 0 0 140367908
104 90337106 10521255 13573840 1585814 0 0 414316 23935495 128633809 5403422 4972966 458712 0 0 0 898917 133553519 0 0 0 6814307 0 0 0 140367826
105 91244286 10521144 13605812 1569525 0 0 418679 23008306 129160207 5144052 4781415 437613 0 0 0 844465 133837053 0 0 0 6530699 0 0 0 140367752
106 91536319 10556294 13637679 1561820 0 0 416200 22659358 129362709 5053545 4697415 427299 0 0 0 826702 133965811 0 0 0 6401859 0 0 0 140367670
107 90929351 10501137 13685646 1572267 0 0 420114 23259076 129017091 5196172 4853982 446886 0 0 0 853460 133780240 0 0 0 6587351 0 0 0 140367591
108 90853398 10500578 13673868 1580245 0 0 416415 23343021 128944787 5249902 4854994 449878 0 0 0 867964 133745335 0 0 0 6622190 0 0 0 140367525
109 90963047 10458790 13656997 1576724 0 0 419764 23292126 128948418 5252489 4850131 447215 0 0 0 869195 133767035 0 0 0 6600413 0 0 0 140367448
110 90786415 10559113 13628621 1582167 0 0 417705 23393361 128937061 5267372 4848011 445699 0 0 0 869239 133730336 0 0 0 6637046 0 0 0 140367382
111 115306827 9152186 13195434 971323 0 0 435178 1306381 140326571 39171 1576 6 0 0 0 5 140366705 0 0 0 624 0 0 0 140367329
112 121728222 6813074 10322754 466117 0 0 291536 745551 140326530 39207 1493 12 0 0 0 12 140366643 0 0 0 611 0 0 0 140367254
113 123970605 5754493 9388346 373673 0 0 256984 623061 140327865 37811 1472 5 0 0 0 9 140366524 0 0 0 638 0 0 0 140367162
114 129756627 3861943 6260915 159352 0 0 123165 205091 140325655 39998 1420 6 0 0 0 14 140366495 0 0 0 598 0 0 0 140367093
115 130726689 3452490 5764215 138944 0 0 106393 178283 140326746 38872 1380 4 0 0 0 12 140366330 0 0 0 684 0 0 0 140367014
116 131455801 3209877 5317093 128596 0 0 92346 163223 140325663 39965 1293 7 0 0 0 8 140366325 0 0 0 611 0 0 0 140366936
117 132094631 2965474 4954255 119120 0 0 82191 151190 140326145 39666 1030 9 0 0 0 11 140366191 0 0 0 670 0 0 0 140366861
118 133022708 2495720 4635937 57421 0 0 73544 81456 140365313 555 918 0 0 0 0 0 140366784 0 0 0 2 0 0 0 140366786
119 133612147 2224405 4358051 44055 0 0 65190 62860 140364598 821 1289 0 0 0 0 0 140366707 0 0 0 1 0 0 0 140366708
