0 139008304 5684286 7288160 612707 0 0 98524 21648773 162807271 5118103 5074283 443353 0 0 0 897744 167411126 0 0 0 6929628 0 0 0 174340754
1 131548191 7889801 9762932 987586 0 0 210970 23941196 161704469 5595074 5546881 494916 0 0 0 999336 166742671 0 0 0 7598005 0 0 0 174340676
2 129292554 8832375 10481575 1100462 0 0 244066 24389552 161559088 5644043 5626292 504092 0 0 0 1007069 166639193 0 0 0 7701391 0 0 0 174340584
3 124851022 10178159 12755981 1332183 0 0 362589 24860557 161559174 5647572 5621516 504788 0 0 0 1007441 166637551 0 0 0 7702940 0 0 0 174340491
4 124133987 10495438 13073636 1375383 0 0 381992 24879965 161615143 5627248 5598534 495801 0 0 0 1003675 166692293 0 0 0 7648108 0 0 0 174340401
5 123101968 10656514 13215567 1411659 0 0 392443 25562161 161202302 5829534 5744307 514367 0 0 0 1049802 166479760 0 0 0 7860552 0 0 0 174340312
6 123905742 10756820 13289065 1414525 0 0 399117 24574955 161768044 5586614 5502102 488353 0 0 0 995111 166797444 0 0 0 7542780 0 0 0 174340224
7 122795922 10810145 13314047 1421009 0 0 399242 25599756 161164157 5835360 5770183 520983 0 0 0 1049438 166456971 0 0 0 7883150 0 0 0 174340121
8 121628834 11046440 13557693 1467562 0 0 410233 26229275 160900127 5936953 5901550 533944 0 0 0 1067463 166296440 0 0 0 8043597 0 0 0 174340037
9 120392011 11195166 13697316 1502571 0 0 418656 27134225 160396608 6161535 6109590 555831 0 0 0 1116381 165977111 0 0 0 8362834 0 0 0 174339945
10 121333005 11332328 14022911 1522732 0 0 442296 25686577 161262843 5798185 5731266 512805 0 0 0 1034750 166506455 0 0 0 7833394 0 0 0 174339849
11 121420382 11263796 14215451 1511800 0 0 453714 25474620 161332611 5786405 5675718 509189 0 0 0 1035840 166557617 0 0 0 7782146 0 0 0 174339763
12 121398199 11336048 14466308 1529950 0 0 467303 25141859 161540829 5690639 5594944 498682 0 0 0 1014573 166681753 0 0 0 7657914 0 0 0 174339667
13 118871286 11423373 14571224 1574047 0 0 465226 27434408 160228375 6256645 6153478 562478 0 0 0 1138588 165927660 0 0 0 8411904 0 0 0 174339564
14 119235946 11653151 14895903 1612299 0 0 488708 26453474 160858968 5967927 5903452 536563 0 0 0 1072571 166271935 0 0 0 8067546 0 0 0 174339481
15 120620291 11553601 14955643 1575822 0 0 496092 25137916 161582164 5653170 5598035 503935 0 0 0 1002061 166728226 0 0 0 7611139 0 0 0 174339365
16 118534319 11719883 15194053 1621931 0 0 505314 26763755 160731952 6028676 5955219 538051 0 0 0 1085357 166185098 0 0 0 8154157 0 0 0 174339255
17 117692258 11805588 15379053 1666007 0 0 516647 27279597 160400281 6200073 6066407 550266 0 0 0 1122123 166026478 0 0 0 8312672 0 0 0 174339150
18 117779214 11884681 15397746 1675904 0 0 516004 27085508 160509079 6152607 6020366 545018 0 0 0 1111987 166078103 0 0 0 8260954 0 0 0 174339057
19 116941899 12007863 15617080 1706988 0 0 529696 27535439 160267301 6247103 6124540 562260 0 0 0 1137761 165935312 0 0 0 8403653 0 0 0 174338965
20 116986530 12115091 15690141 1716640 0 0 536926 27293542 160460517 6142721 6074757 552521 0 0 0 1108354 166035909 0 0 0 8302961 0 0 0 174338870
21 117187171 12089742 15697544 1709581 0 0 537954 27116768 160559321 6100938 6028663 549663 0 0 0 1100175 166101576 0 0 0 8237184 0 0 0 174338760
22 117305038 12115601 15739908 1713332 0 0 541751 26923050 160684150 6052361 5971463 539653 0 0 0 1091053 166170226 0 0 0 8168454 0 0 0 174338680
23 116510597 12074343 15794434 1726688 0 0 544166 27688355 160204766 6280618 6149868 559312 0 0 0 1144019 165908650 0 0 0 8429933 0 0 0 174338583
24 117028880 12128333 15863953 1731498 0 0 548455 27037381 160595999 6118352 5980624 541646 0 0 0 1101879 166145995 0 0 0 8192505 0 0 0 174338500
25 116484817 12118218 15832377 1731224 0 0 543871 27627885 160231746 6259886 6146148 562868 0 0 0 1137744 165941726 0 0 0 8396666 0 0 0 174338392
26 117341896 12190323 15893753 1724926 0 0 550728 26636651 160838095 5985664 5907732 535610 0 0 0 1071176 166265678 0 0 0 8072599 0 0 0 174338277
27 117942450 12061052 15771821 1694354 0 0 543019 26325467 161001006 5905045 5846413 527578 0 0 0 1058121 166384511 0 0 0 7953652 0 0 0 174338163
28 118318304 12028254 15765838 1677823 0 0 544808 26003017 161192318 5834324 5756125 516375 0 0 0 1038902 166470041 0 0 0 7868003 0 0 0 174338044
29 117320356 11958485 15706721 1686643 0 0 538179 27127516 160512966 6152065 6015411 546195 0 0 0 1111263 166070834 0 0 0 8267066 0 0 0 174337900
30 116778355 12057135 15800645 1717312 0 0 543231 27441105 160350359 6226714 6080168 552941 0 0 0 1127601 165998312 0 0 0 8339471 0 0 0 174337783
31 146331678 10002404 15039970 1011344 0 0 566987 1385256 174317610 1559 18344 40 0 0 0 86 174336848 0 0 0 791 0 0 0 174337639
32 153942267 7187083 11638644 439846 0 0 373735 755918 174317288 1541 18526 47 0 0 0 91 174336753 0 0 0 740 0 0 0 174337493
33 156536994 6004047 10500840 346232 0 0 321488 627716 174317653 1416 18132 35 0 0 0 81 174336545 0 0 0 772 0 0 0 174337317
34 163538863 3728233 6667202 110247 0 0 144312 148255 174317521 1388 18059 44 0 0 0 100 174336351 0 0 0 761 0 0 0 174337112
35 164580945 3279037 6136508 93027 0 0 122748 124619 174317195 1404 18171 40 0 0 0 74 174336156 0 0 0 728 0 0 0 174336884
36 165398642 2964352 5677986 80586 0 0 107292 107791 174317332 1395 17783 45 0 0 0 94 174335923 0 0 0 726 0 0 0 174336649
37 166065539 2696827 5309128 73278 0 0 94909 96681 174316979 1052 18202 42 0 0 0 87 174335654 0 0 0 708 0 0 0 174336362
38 167012076 2361475 4780742 40494 0 0 80278 60976 174333224 1077 1604 45 0 0 0 91 174335429 0 0 0 612 0 0 0 174336041
39 167637567 2114175 4432217 31726 0 0 70784 49253 174331706 1391 2500 40 0 0 0 85 174335118 0 0 0 604 0 0 0 174335722
40 134507770 5978389 7464991 640203 0 0 93227 25650749 160642668 6070864 5985989 543679 0 0 0 1092129 166017849 0 0 0 8317480 0 0 0 174335329
41 128617503 8289330 10201349 1049600 0 0 230832 25946298 160658963 6091361 5947037 539057 0 0 0 1098494 166108808 0 0 0 8226104 0 0 0 174334912
42 126874852 9143323 10832862 1150476 0 0 260232 26072705 160639596 6106263 5946867 540510 0 0 0 1101214 166066705 0 0 0 8267745 0 0 0 174334450
43 122516087 10588114 13414948 1408587 0 0 399406 26006819 160961826 5951080 5820164 530109 0 0 0 1070782 166267379 0 0 0 8066582 0 0 0 174333961
44 120884680 10869308 13483372 1443290 0 0 402109 27250638 160327496 6201874 6121904 558985 0 0 0 1123138 165911194 0 0 0 8422203 0 0 0 174333397
45 120314347 11084758 13657899 1485957 0 0 416862 27373035 160288334 6212916 6142040 562544 0 0 0 1127024 165891530 0 0 0 8441328 0 0 0 174332858
46 117512835 11368592 13778190 1552518 0 0 420271 29699840 159019561 6774300 6669649 617059 0 0 0 1251677 165162249 0 0 0 9169997 0 0 0 174332246
47 118186318 11594157 14250941 1612415 0 0 455552 28232228 159836711 6449017 6293553 574193 0 0 0 1178137 165693729 0 0 0 8637882 0 0 0 174331611
48 118195249 11644574 14310049 1605409 0 0 456762 28118982 159913986 6413978 6257466 574359 0 0 0 1171236 165729974 0 0 0 8601051 0 0 0 174331025
49 116958379 11820835 14689866 1651058 0 0 478722 28731554 159586071 6548835 6405286 590224 0 0 0 1199998 165536429 0 0 0 8793985 0 0 0 174330414
50 117702788 11895561 14723843 1656247 0 0 484763 27866588 160109524 6296003 6212320 569045 0 0 0 1142898 165856687 0 0 0 8473103 0 0 0 174329790
51 116543571 11926314 14887260 1676590 0 0 492804 28802650 159597925 6514020 6432122 593263 0 0 0 1191859 165555771 0 0 0 8773418 0 0 0 174329189
52 116427176 12089741 15260604 1720701 0 0 517599 28312755 159927119 6382633 6286918 573415 0 0 0 1158491 165766706 0 0 0 8561870 0 0 0 174328576
53 116769235 12022005 15446243 1719929 0 0 527216 27843393 160131674 6318498 6165353 562751 0 0 0 1149745 165887655 0 0 0 8440366 0 0 0 174328021
54 116212683 12133206 15705813 1746967 0 0 543835 27984918 160079590 6343729 6186774 564741 0 0 0 1152588 165852704 0 0 0 8474718 0 0 0 174327422
55 115724673 12191832 15848964 1772439 0 0 552013 28237055 159914431 6406477 6262929 575859 0 0 0 1167280 165780017 0 0 0 8546959 0 0 0 174326976
56 115415320 12317396 15909348 1783874 0 0 553238 28347294 159916054 6386411 6286023 578644 0 0 0 1159338 165745747 0 0 0 8580723 0 0 0 174326470
57 116731290 12271996 16020911 1763190 0 0 566926 26971733 160685936 6048108 5965072 542056 0 0 0 1084874 166211061 0 0 0 8114985 0 0 0 174326046
58 116134085 12267012 15969658 1759214 0 0 559605 27636037 160323754 6211430 6114006 555521 0 0 0 1120900 165983539 0 0 0 8342072 0 0 0 174325611
59 115758812 12265967 16119316 1780955 0 0 570816 27829307 160173822 6301018 6146947 559497 0 0 0 1143889 165919591 0 0 0 8405582 0 0 0 174325173
60 115480368 12293570 16058453 1782188 0 0 561915 28148263 159988086 6380481 6228453 567383 0 0 0 1160354 165787372 0 0 0 8537385 0 0 0 174324757
61 116297501 12295926 16172230 1780040 0 0 572918 27205704 160505787 6145483 6013851 550472 0 0 0 1108726 166095493 0 0 0 8228826 0 0 0 174324319
62 115425853 12363004 16074722 1788701 0 0 563077 28108527 160041901 6322191 6239957 571384 0 0 0 1148451 165820718 0 0 0 8503166 0 0 0 174323884
63 115471305 12391703 16190728 1796633 0 0 574847 27898244 160165941 6266842 6187042 566162 0 0 0 1137473 165887677 0 0 0 8435783 0 0 0 174323460
64 116475273 12322305 16086216 1766740 0 0 569218 27103202 160622833 6079895 5985199 541170 0 0 0 1093857 166157553 0 0 0 8165401 0 0 0 174322954
65 116664718 12221785 16153099 1757747 0 0 573128 26952031 160653695 6090802 5943972 537084 0 0 0 1096955 166192810 0 0 0 8129698 0 0 0 174322508
66 115523235 12273837 16113170 1772536 0 0 565971 28073160 160017528 6374645 6206436 566731 0 0 0 1156569 165801811 0 0 0 8520098 0 0 0 174321909
67 115895990 12284996 16150910 1781248 0 0 570815 27637395 160247851 6256903 6121977 560488 0 0 0 1134135 165959006 0 0 0 8362348 0 0 0 174321354
68 115338418 12363956 16065909 1784264 0 0 562579 28205615 159975653 6350226 6267681 573150 0 0 0 1154031 165782931 0 0 0 8537810 0 0 0 174320741
69 115349144 12407051 16222064 1803552 0 0 575974 27962355 160136688 6276837 6200111 568903 0 0 0 1137601 165870607 0 0 0 8449533 0 0 0 174320140
70 115901263 12378631 16173549 1781853 0 0 570055 27514165 160396582 6179026 6078027 552152 0 0 0 1113729 166016442 0 0 0 8303074 0 0 0 174319516
71 117090196 12243784 16235561 1750338 0 0 579403 26419624 160952254 5955787 5817292 524185 0 0 0 1069388 166352834 0 0 0 7966072 0 0 0 174318906
72 117176399 12164211 16079437 1728173 0 0 565975 26604125 160841051 6004485 5863638 530316 0 0 0 1078830 166276795 0 0 0 8041525 0 0 0 174318320
73 117273836 12108027 16029867 1718669 0 0 561566 26625720 160782008 6016167 5899051 535847 0 0 0 1084612 166236488 0 0 0 8081197 0 0 0 174317685
74 117216651 12116349 15851353 1708831 0 0 550452 26873438 160672413 6050732 5965603 542306 0 0 0 1086020 166146475 0 0 0 8170599 0 0 0 174317074
75 117088303 12126834 15894988 1712262 0 0 553434 26940713 160641873 6056251 5982076 545679 0 0 0 1090655 166122649 0 0 0 8193885 0 0 0 174316534
76 117052068 12133833 15912711 1713682 0 0 554431 26949245 160652454 6068187 5966299 539773 0 0 0 1089257 166140383 0 0 0 8175587 0 0 0 174315970
77 117028314 12111552 15984274 1725705 0 0 559017 26906620 160638802 6091427 5947141 539433 0 0 0 1098679 166130023 0 0 0 8185459 0 0 0 174315482
78 110844532 12359200 16074761 1873736 0 0 553132 32609658 157462137 7449346 7304359 685078 0 0 0 1414099 164505561 0 0 0 9809458 0 0 0 174315019
79 108927175 12833732 16636772 2023109 0 0 592250 33301564 157135819 7576324 7450459 705460 0 0 0 1446540 164310501 0 0 0 10004101 0 0 0 174314602
80 114740925 12934367 16784614 1932688 0 0 612663 27308953 160572758 6078518 6018262 547915 0 0 0 1096757 166100440 0 0 0 8213770 0 0 0 174314210
81 115453371 12684888 16784125 1839138 0 0 615421 26936947 160768121 5999329 5931888 537145 0 0 0 1077407 166218181 0 0 0 8095709 0 0 0 174313890
82 115272304 12568296 16681529 1818177 0 0 605602 27367661 160525704 6122393 6019535 545279 0 0 0 1100658 166074369 0 0 0 8239200 0 0 0 174313569
83 114889000 12331975 16192298 1789114 0 0 570680 28540216 159742295 6484428 6321062 579968 0 0 0 1185530 165622825 0 0 0 8690458 0 0 0 174313283
84 116098315 12377729 16251581 1793258 0 0 572622 27219542 160500251 6148748 6010156 544149 0 0 0 1109743 166079084 0 0 0 8233963 0 0 0 174313047
85 115841201 12328646 16190757 1779407 0 0 569081 27603727 160247664 6244450 6122883 561152 0 0 0 1136670 165939630 0 0 0 8373189 0 0 0 174312819
86 115143532 12458250 16258325 1799703 0 0 571654 28081150 160053918 6311936 6228530 570690 0 0 0 1147540 165785879 0 0 0 8526735 0 0 0 174312614
87 117095143 12312095 16178873 1758714 0 0 573460 26394153 160978186 5905744 5843807 528988 0 0 0 1055713 166360352 0 0 0 7952086 0 0 0 174312438
88 117770045 12183940 16055058 1715422 0 0 563068 26024759 161182878 5823536 5752408 515251 0 0 0 1038219 166468647 0 0 0 7843645 0 0 0 174312292
89 116673381 12126879 16096118 1727237 0 0 563308 27125225 160518450 6147811 5994079 542673 0 0 0 1109135 166074983 0 0 0 8237165 0 0 0 174312148
90 115911317 12180204 16060235 1757135 0 0 557651 27845489 160109979 6320492 6170372 563475 0 0 0 1147713 165848145 0 0 0 8463886 0 0 0 174312031
91 115033340 12278797 16126716 1787150 0 0 560717 28525167 159719779 6480870 6340863 584904 0 0 0 1185471 165602550 0 0 0 8709337 0 0 0 174311887
92 114738770 12461709 16254784 1813703 0 0 569375 28473427 159834727 6410053 6320630 580055 0 0 0 1166303 165652322 0 0 0 8659446 0 0 0 174311768
93 115554166 12435893 16330912 1800486 0 0 575881 27614317 160315830 6196375 6119700 560062 0 0 0 1119688 165946584 0 0 0 8365071 0 0 0 174311655
94 115835869 12411077 16294212 1781291 0 0 575402 27413689 160443893 6158912 6050785 548519 0 0 0 1109431 166034996 0 0 0 8276544 0 0 0 174311540
95 115472933 12340268 16306681 1789305 0 0 575142 27827102 160155473 6308244 6142163 561524 0 0 0 1144027 165893839 0 0 0 8417592 0 0 0 174311431
96 115172951 12367481 16239501 1794506 0 0 566522 28170388 159964795 6385502 6226261 570483 0 0 0 1164308 165739090 0 0 0 8572259 0 0 0 174311349
97 115363148 12370624 16273841 1798701 0 0 569263 27935676 160063852 6328574 6199333 568494 0 0 0 1151000 165824675 0 0 0 8486578 0 0 0 174311253
98 115769850 12411868 16222896 1782294 0 0 566237 27558027 160324778 6198477 6112195 557591 0 0 0 1118131 165971361 0 0 0 8339811 0 0 0 174311172
99 115677204 12374727 16202745 1777929 0 0 566954 27711504 160246934 6231316 6143573 563161 0 0 0 1126079 165919230 0 0 0 8391833 0 0 0 174311063
100 116243804 12333953 16184760 1762299 0 0 567337 27218815 160540818 6112133 6015945 544659 0 0 0 1097413 166082044 0 0 0 8228924 0 0 0 174310968
101 115990227 12248840 16161524 1763293 0 0 564867 27582124 160274712 6251183 6096891 555835 0 0 0 1132254 165944815 0 0 0 8366060 0 0 0 174310875
102 116283843 12269193 16197719 1761497 0 0 565071 27233459 160479882 6160785 6009039 547222 0 0 0 1113854 166063700 0 0 0 8247082 0 0 0 174310782
103 116903366 12199199 16130796 1745967 0 0 562015 26769334 160694754 6053706 5934772 539407 0 0 0 1088038 166230363 0 0 0 8080314 0 0 0 174310677
104 116584723 12227295 16040559 1734695 0 0 554493 27168802 160525235 6106936 6032156 548720 0 0 0 1097520 166085544 0 0 0 8225023 0 0 0 174310567
105 116924136 12188726 16035610 1734456 0 0 557605 26869918 160679966 6036318 5970526 540611 0 0 0 1083030 166189156 0 0 0 8121295 0 0 0 174310451
106 116446070 12185540 15969319 1727948 0 0 550806 27430685 160379933 6186292 6077954 550870 0 0 0 1115319 165985254 0 0 0 8325114 0 0 0 174310368
107 116552679 12173049 16101833 1740262 0 0 560199 27182243 160482848 6162340 6008683 544301 0 0 0 1112093 166078575 0 0 0 8231690 0 0 0 174310265
108 117466656 12116459 16052313 1712196 0 0 553645 26408900 160912091 5976041 5827630 525380 0 0 0 1069027 166311465 0 0 0 7998704 0 0 0 174310169
109 115822085 12165787 16031908 1743007 0 0 550303 27996993 160008096 6355435 6218625 572305 0 0 0 1155622 165794260 0 0 0 8515823 0 0 0 174310083
110 115704928 12312073 16071083 1768119 0 0 553533 27900251 160120858 6279841 6201280 568052 0 0 0 1139956 165838895 0 0 0 8471092 0 0 0 174309987
111 145592097 10401841 15198936 1078185 0 0 573889 1464947 174262584 44892 2412 0 0 0 0 7 174309000 0 0 0 895 0 0 0 174309895
112 153104325 7569493 11904967 502421 0 0 387024 841581 174265328 42383 2085 4 0 0 0 11 174308999 0 0 0 812 0 0 0 174309811
113 155753687 6364344 10753366 402775 0 0 332238 703298 174264969 42768 1963 3 0 0 0 5 174308930 0 0 0 778 0 0 0 174309708
114 162722601 4149081 6890951 173614 0 0 151883 221490 174262040 45656 1911 5 0 0 0 8 174308766 0 0 0 854 0 0 0 174309620
115 163834964 3705691 6290854 153603 0 0 129921 194498 174262409 45227 1884 5 0 0 0 6 174308696 0 0 0 835 0 0 0 174309531
116 164803452 3327934 5778096 126492 0 0 113015 160452 174272340 35237 1854 4 0 0 0 6 174308772 0 0 0 669 0 0 0 174309441
117 165436798 3087571 5399120 126961 0 0 99956 158942 174265577 42423 1335 8 0 0 0 5 174308584 0 0 0 764 0 0 0 174309348
118 166560304 2525323 4999741 56837 0 0 89177 77874 174307460 576 1220 0 0 0 0 0 174309253 0 0 0 3 0 0 0 174309256
119 167229548 2233325 4671941 39942 0 0 77980 56442 174306033 1287 1858 0 0 0 0 0 174309177 0 0 0 1 0 0 0 174309178
