0 25199622 2799545 3944740 460456 0 0 79696 11929229 38013197 2763582 2765745 282393 0 0 0 588371 40908557 0 0 0 3504731 0 0 0 44413288
1 22248657 3679738 4905045 822668 0 0 139564 12617596 37825611 2844477 2838711 290541 0 0 0 613928 40807825 0 0 0 3605443 0 0 0 44413268
2 20712291 4039083 5129421 958407 0 0 152057 13421997 37417979 3009345 3004662 317000 0 0 0 664270 40572497 0 0 0 3840759 0 0 0 44413256
3 19233172 4557282 5915513 1218777 0 0 218733 13269762 37780499 2876648 2836745 295418 0 0 0 623929 40795540 0 0 0 3617699 0 0 0 44413239
4 19069186 4609471 5933817 1225855 0 0 223700 13351185 37755398 2890000 2846648 296790 0 0 0 624378 40769469 0 0 0 3643745 0 0 0 44413214
5 19398990 4714773 6039079 1245896 0 0 233768 12780689 38124980 2739964 2692701 273585 0 0 0 581965 40969048 0 0 0 3444147 0 0 0 44413195
6 19046495 4650250 5898531 1220368 0 0 227220 13370309 37763482 2881884 2851016 294640 0 0 0 622151 40760750 0 0 0 3652423 0 0 0 44413173
7 19185928 4725255 6008452 1252586 0 0 236639 13004292 38000853 2779908 2759111 282042 0 0 0 591238 40890958 0 0 0 3522194 0 0 0 44413152
8 18882715 4690107 5959084 1246569 0 0 231761 13402898 37745199 2885213 2861923 298535 0 0 0 622264 40742097 0 0 0 3671037 0 0 0 44413134
9 18252534 4722704 6030666 1296006 0 0 241423 13869789 37479293 3009652 2952824 311847 0 0 0 659506 40603382 0 0 0 3809740 0 0 0 44413122
10 17821419 4755188 6087225 1344367 0 0 245188 14159723 37335626 3070289 3007789 319927 0 0 0 679479 40533540 0 0 0 3879570 0 0 0 44413110
11 18096005 4880599 6337144 1396399 0 0 261408 13441540 37819322 2873907 2809620 290054 0 0 0 620192 40796340 0 0 0 3616755 0 0 0 44413095
12 17680032 4853566 6357041 1404812 0 0 267026 13850594 37603357 2952480 2912940 302597 0 0 0 641697 40672090 0 0 0 3740981 0 0 0 44413071
13 17682354 4907940 6543671 1452024 0 0 282892 13544178 37825944 2861137 2820123 291421 0 0 0 614434 40790007 0 0 0 3623052 0 0 0 44413059
14 17929141 4914664 6643275 1448685 0 0 286126 13191150 38018567 2773432 2749824 283942 0 0 0 587276 40899306 0 0 0 3513735 0 0 0 44413041
15 17348280 4869484 6606510 1459625 0 0 287270 13841845 37615248 2955692 2896028 303650 0 0 0 642396 40676642 0 0 0 3736372 0 0 0 44413014
16 16881596 4869749 6609387 1499776 0 0 288258 14264238 37382660 3051171 2989451 316665 0 0 0 673057 40559076 0 0 0 3853928 0 0 0 44413004
17 16902738 4938625 6669795 1526965 0 0 292160 14082698 37514661 3003991 2930801 306052 0 0 0 657476 40620647 0 0 0 3792334 0 0 0 44412981
18 17148955 5013732 6786737 1541387 0 0 302444 13619706 37838466 2858977 2812334 290429 0 0 0 612755 40776353 0 0 0 3636608 0 0 0 44412961
19 17226370 5001301 6806717 1530327 0 0 304583 13543644 37879091 2837804 2800416 288366 0 0 0 607265 40818111 0 0 0 3594831 0 0 0 44412942
20 17253404 4972696 6804973 1524225 0 0 303367 13554266 37866518 2836596 2812157 292113 0 0 0 605547 40807309 0 0 0 3605622 0 0 0 44412931
21 16828045 4906528 6691276 1517655 0 0 296484 14172928 37448414 3024307 2961026 314116 0 0 0 665053 40596025 0 0 0 3816891 0 0 0 44412916
22 16757416 4948449 6753321 1550279 0 0 300310 14103122 37514203 2997966 2936973 309922 0 0 0 653833 40633573 0 0 0 3779324 0 0 0 44412897
23 17256565 5040406 6867528 1557355 0 0 306150 13384876 37966596 2815227 2750048 282765 0 0 0 598244 40884204 0 0 0 3528676 0 0 0 44412880
24 17190708 4997468 6830099 1530780 0 0 304628 13559182 37876744 2843393 2798349 287566 0 0 0 606813 40803645 0 0 0 3609220 0 0 0 44412865
25 17160001 4978028 6818960 1527812 0 0 304714 13623329 37827301 2861782 2820522 290450 0 0 0 612789 40801091 0 0 0 3611753 0 0 0 44412844
26 17443466 4983326 6843841 1519260 0 0 303356 13319574 37983872 2787120 2766693 284001 0 0 0 591137 40896712 0 0 0 3516111 0 0 0 44412823
27 17344132 4959416 6815474 1508436 0 0 300652 13484697 37861848 2856756 2793294 290737 0 0 0 610172 40825186 0 0 0 3587621 0 0 0 44412807
28 17281347 4964220 6820901 1514780 0 0 299678 13531868 37843018 2861724 2804448 291012 0 0 0 612592 40801779 0 0 0 3611015 0 0 0 44412794
29 17170474 4946991 6775704 1505662 0 0 296443 13717495 37724637 2919112 2844498 294802 0 0 0 629720 40737294 0 0 0 3675475 0 0 0 44412769
30 17051895 4954212 6774169 1523452 0 0 297805 13811213 37711410 2909735 2867099 297600 0 0 0 626902 40734397 0 0 0 3678349 0 0 0 44412746
31 26670666 5721617 8523052 1337794 0 0 388852 1770736 44403545 744 8358 20 0 0 0 50 44412391 0 0 0 326 0 0 0 44412717
32 30564765 4575712 7291336 659145 0 0 300442 1021288 44404042 672 7917 17 0 0 0 40 44412377 0 0 0 311 0 0 0 44412688
33 32224785 3921888 6701693 487567 0 0 268543 808167 44403864 679 8032 26 0 0 0 42 44412371 0 0 0 272 0 0 0 44412643
34 35821277 2830589 5107086 213127 0 0 154206 286313 44403906 648 7980 22 0 0 0 42 44412324 0 0 0 274 0 0 0 44412598
35 36534279 2592720 4731584 178614 0 0 134024 241320 44403990 606 7884 17 0 0 0 44 44412256 0 0 0 285 0 0 0 44412541
36 37106328 2389663 4438938 151104 0 0 119144 207305 44403990 607 7822 33 0 0 0 30 44412190 0 0 0 292 0 0 0 44412482
37 37607034 2205877 4179910 130988 0 0 107984 180628 44404143 522 7704 15 0 0 0 37 44412159 0 0 0 262 0 0 0 44412421
38 38128039 2006779 3933396 101408 0 0 97678 145052 44410888 507 874 23 0 0 0 60 44412115 0 0 0 237 0 0 0 44412352
39 38556787 1854702 3704018 85068 0 0 87707 123973 44410563 633 994 21 0 0 0 44 44411998 0 0 0 257 0 0 0 44412255
40 26226453 2706542 3887257 426016 0 0 78073 11087818 38483787 2589721 2550669 257001 0 0 0 530981 41180983 0 0 0 3231176 0 0 0 44412159
41 23715427 3598138 4834092 762484 0 0 135360 11366556 38531095 2577178 2522774 250399 0 0 0 530611 41201579 0 0 0 3210478 0 0 0 44412057
42 23543918 3959462 5093035 846537 0 0 147538 10821462 38923070 2407091 2368783 232124 0 0 0 480884 41392964 0 0 0 3018988 0 0 0 44411952
43 21009829 4354485 5658824 1041347 0 0 199933 12147412 38363417 2642168 2596607 261636 0 0 0 548002 41093729 0 0 0 3318101 0 0 0 44411830
44 20208916 4413273 5688791 1098735 0 0 207770 12794236 38012700 2780509 2748629 282304 0 0 0 587579 40893681 0 0 0 3518040 0 0 0 44411721
45 19928261 4500309 5704374 1139333 0 0 210165 12929142 37925610 2827095 2769879 286757 0 0 0 602243 40871117 0 0 0 3540467 0 0 0 44411584
46 19391929 4581042 5779424 1185911 0 0 218846 13254292 37783897 2883630 2828542 294093 0 0 0 621282 40776966 0 0 0 3634478 0 0 0 44411444
47 19561505 4693146 5929767 1219928 0 0 230651 12776293 38109595 2758073 2688506 273272 0 0 0 581844 40951184 0 0 0 3460106 0 0 0 44411290
48 19259275 4683906 5914067 1223615 0 0 232328 13097944 37942030 2813946 2772673 284053 0 0 0 598433 40843410 0 0 0 3567725 0 0 0 44411135
49 19196308 4736176 6032102 1254758 0 0 242869 12948767 38047687 2770282 2728641 278175 0 0 0 586195 40898012 0 0 0 3512968 0 0 0 44410980
50 19230060 4747451 6095761 1257943 0 0 246793 12832843 38111528 2737502 2706531 278863 0 0 0 576427 40919344 0 0 0 3491507 0 0 0 44410851
51 18828355 4756179 6165870 1292361 0 0 253205 13114704 37943872 2820866 2757999 286077 0 0 0 601860 40837797 0 0 0 3572877 0 0 0 44410674
52 18292219 4767777 6239733 1333890 0 0 258644 13518257 37729459 2910839 2849161 296288 0 0 0 624773 40731177 0 0 0 3679343 0 0 0 44410520
53 18266840 4851578 6393688 1382481 0 0 270773 13245025 37930148 2832924 2759220 284106 0 0 0 603987 40837181 0 0 0 3573204 0 0 0 44410385
54 18329955 4896489 6532417 1402834 0 0 280230 12968333 38136869 2734959 2689666 273542 0 0 0 575222 40935313 0 0 0 3474945 0 0 0 44410258
55 17988073 4868945 6554552 1409778 0 0 286739 13302065 37941298 2818797 2767704 284404 0 0 0 597949 40818821 0 0 0 3591331 0 0 0 44410152
56 18145791 4914593 6675141 1437420 0 0 294579 12942529 38170255 2716767 2681527 274065 0 0 0 567439 40950876 0 0 0 3459177 0 0 0 44410053
57 17871196 4882612 6621492 1433315 0 0 289817 13311512 37913376 2836829 2770391 286339 0 0 0 603009 40822020 0 0 0 3587924 0 0 0 44409944
58 18021377 4951291 6745149 1460166 0 0 299644 12932191 38177557 2727239 2662826 272148 0 0 0 570048 40969995 0 0 0 3439823 0 0 0 44409818
59 17589273 4891250 6603282 1445972 0 0 289981 13589938 37763116 2902213 2825869 292964 0 0 0 625534 40751625 0 0 0 3658071 0 0 0 44409696
60 17875856 4983648 6776368 1482754 0 0 302370 12988598 38179526 2718648 2673002 270217 0 0 0 568201 40962788 0 0 0 3446806 0 0 0 44409594
61 17733025 4918489 6668765 1453237 0 0 295058 13340898 37937133 2816524 2771368 285950 0 0 0 598497 40829787 0 0 0 3579685 0 0 0 44409472
62 17515956 4939858 6738763 1487058 0 0 303392 13424320 37919108 2819158 2782398 289283 0 0 0 599400 40827825 0 0 0 3581522 0 0 0 44409347
63 18311247 5020270 6874429 1483550 0 0 307546 12412196 38481462 2593947 2545137 255570 0 0 0 533122 41175046 0 0 0 3234192 0 0 0 44409238
64 17682003 4897138 6688802 1448077 0 0 294968 13398151 37880203 2845162 2787183 289535 0 0 0 607056 40822803 0 0 0 3586336 0 0 0 44409139
65 17918898 4975077 6801765 1481869 0 0 303649 12927775 38189879 2723583 2656539 269753 0 0 0 569279 40994860 0 0 0 3414173 0 0 0 44409033
66 17304709 4855907 6575094 1452068 0 0 288202 13932926 37572305 2965895 2921866 304339 0 0 0 644501 40652113 0 0 0 3756793 0 0 0 44408906
67 17781847 5015455 6849697 1515000 0 0 308935 12937837 38228802 2697250 2651941 269134 0 0 0 561644 41020247 0 0 0 3388524 0 0 0 44408771
68 17248313 4880685 6651274 1470436 0 0 293347 13864562 37619912 2937855 2911229 304255 0 0 0 635366 40675812 0 0 0 3732805 0 0 0 44408617
69 17345600 4987285 6841220 1533736 0 0 310140 13390459 37945391 2819734 2758179 285755 0 0 0 599381 40872509 0 0 0 3535931 0 0 0 44408440
70 17069923 4907478 6674319 1499130 0 0 295558 13961903 37563934 2974490 2915423 306237 0 0 0 648227 40659115 0 0 0 3749196 0 0 0 44408311
71 17549678 5059958 6900473 1554963 0 0 312960 13030124 38179922 2727311 2659322 269781 0 0 0 571820 41008984 0 0 0 3399172 0 0 0 44408156
72 17498889 4968371 6764087 1493518 0 0 301275 13381861 37941984 2811240 2772889 284588 0 0 0 597300 40856981 0 0 0 3551020 0 0 0 44408001
73 17804684 5026516 6893330 1511999 0 0 312214 12859104 38277662 2673040 2634896 266201 0 0 0 556048 41042728 0 0 0 3365119 0 0 0 44407847
74 17415183 4901596 6696848 1468590 0 0 295500 13629990 37760073 2881642 2851936 297135 0 0 0 616921 40755061 0 0 0 3652646 0 0 0 44407707
75 17200424 4944339 6752718 1519579 0 0 301914 13688596 37736660 2902535 2845301 297019 0 0 0 626055 40769748 0 0 0 3637822 0 0 0 44407570
76 17497361 4991190 6811244 1516444 0 0 302299 13288923 37969420 2806069 2752857 283759 0 0 0 595356 40880060 0 0 0 3527401 0 0 0 44407461
77 17820317 5041477 6895260 1512242 0 0 308259 12829784 38264087 2689487 2625918 266275 0 0 0 561572 41040560 0 0 0 3366779 0 0 0 44407339
78 16913396 4896252 6658498 1513748 0 0 295106 14130234 37495604 2990217 2959434 308573 0 0 0 653406 40645389 0 0 0 3761845 0 0 0 44407234
79 16355566 4894848 6627264 1569322 0 0 296666 14663466 37196411 3112971 3079595 326435 0 0 0 691720 40498150 0 0 0 3908982 0 0 0 44407132
80 16767183 4988066 6787138 1576403 0 0 306059 13982187 37616572 2934043 2912408 307176 0 0 0 636837 40676032 0 0 0 3731004 0 0 0 44407036
81 17078286 5057532 6930539 1588408 0 0 314812 13437362 37949372 2816067 2759640 283388 0 0 0 598472 40873583 0 0 0 3533356 0 0 0 44406939
82 16854578 4988171 6852545 1560385 0 0 309868 13841323 37703263 2916910 2858493 298467 0 0 0 629737 40730001 0 0 0 3676869 0 0 0 44406870
83 16680638 4956108 6758868 1551336 0 0 304705 14155154 37491741 3012842 2933009 308883 0 0 0 660334 40606910 0 0 0 3799899 0 0 0 44406809
84 16779140 4977281 6776989 1553875 0 0 303712 14015753 37598951 2957669 2907592 302637 0 0 0 639901 40648384 0 0 0 3758366 0 0 0 44406750
85 17697235 5105351 7013353 1561373 0 0 317169 12712212 38387894 2626531 2588691 260544 0 0 0 543033 41098979 0 0 0 3307714 0 0 0 44406693
86 17395866 4970618 6852038 1505021 0 0 306549 13376556 37947640 2801976 2775477 286786 0 0 0 594769 40854427 0 0 0 3552221 0 0 0 44406648
87 17399555 4975123 6871121 1518418 0 0 308648 13333738 37954548 2813944 2756091 284079 0 0 0 597941 40868281 0 0 0 3538322 0 0 0 44406603
88 17206212 4916227 6741083 1497617 0 0 293698 13751737 37671714 2929429 2871121 301340 0 0 0 632970 40716272 0 0 0 3690302 0 0 0 44406574
89 17121152 4972934 6806344 1531329 0 0 301425 13673361 37766525 2899053 2826445 292665 0 0 0 621857 40761481 0 0 0 3645064 0 0 0 44406545
90 16934215 4949843 6769331 1529073 0 0 298314 13925746 37625554 2946654 2896606 301754 0 0 0 635954 40671280 0 0 0 3735242 0 0 0 44406522
91 16865466 4981655 6816974 1553269 0 0 305521 13883612 37676559 2923753 2874997 300050 0 0 0 631138 40704670 0 0 0 3701827 0 0 0 44406497
92 17191471 5010239 6901383 1552099 0 0 308460 13442832 37930571 2810068 2781262 287220 0 0 0 597363 40838149 0 0 0 3568335 0 0 0 44406484
93 17219256 4987379 6889726 1536804 0 0 307587 13465716 37884997 2842393 2783303 289412 0 0 0 606363 40830602 0 0 0 3575866 0 0 0 44406468
94 17158753 4970983 6863860 1531149 0 0 304633 13577069 37817886 2868266 2812369 292453 0 0 0 615473 40791496 0 0 0 3614951 0 0 0 44406447
95 17328910 4984771 6847796 1515346 0 0 300622 13428981 37899046 2846500 2768912 286331 0 0 0 605637 40834900 0 0 0 3571526 0 0 0 44406426
96 17057794 4944542 6764770 1510751 0 0 296953 13831601 37679640 2922817 2873133 298726 0 0 0 632095 40702237 0 0 0 3704174 0 0 0 44406411
97 16603510 4911528 6700644 1529154 0 0 295323 14366235 37364908 3052471 3003102 315904 0 0 0 670009 40530318 0 0 0 3876076 0 0 0 44406394
98 16490932 4941620 6752474 1564420 0 0 299412 14357517 37382190 3037602 3002153 318423 0 0 0 666007 40543897 0 0 0 3862478 0 0 0 44406375
99 16922220 5036168 6905906 1584008 0 0 307917 13650141 37809336 2874747 2812155 293528 0 0 0 616594 40788529 0 0 0 3617831 0 0 0 44406360
100 16693205 4979856 6833865 1562690 0 0 303863 14032870 37568077 2975059 2911732 306065 0 0 0 645416 40656131 0 0 0 3750218 0 0 0 44406349
101 16788658 5000188 6860715 1565121 0 0 306067 13885582 37671634 2940025 2861723 297867 0 0 0 635082 40712528 0 0 0 3693803 0 0 0 44406331
102 16776319 4969315 6793417 1548138 0 0 298832 14020290 37587062 2962923 2912164 303217 0 0 0 640945 40661040 0 0 0 3745271 0 0 0 44406311
103 16598246 4965252 6797021 1565849 0 0 300883 14179037 37500492 2994030 2949993 308535 0 0 0 653238 40619514 0 0 0 3786774 0 0 0 44406288
104 17166535 5041400 6954209 1569846 0 0 309117 13365171 37993271 2786817 2754061 285672 0 0 0 586457 40875593 0 0 0 3530685 0 0 0 44406278
105 17102749 4983535 6871774 1533454 0 0 302548 13612191 37798241 2881827 2817067 293598 0 0 0 615518 40783003 0 0 0 3623248 0 0 0 44406251
106 16902180 4957111 6841610 1541747 0 0 300401 13863183 37653924 2939768 2875508 301957 0 0 0 635075 40703679 0 0 0 3702553 0 0 0 44406232
107 16767996 4942434 6760173 1532743 0 0 292890 14109984 37497536 3009969 2932325 307266 0 0 0 659124 40615145 0 0 0 3791075 0 0 0 44406220
108 17460565 5051783 6967915 1547089 0 0 305840 13073005 38159266 2725734 2680204 271634 0 0 0 569359 40962521 0 0 0 3443676 0 0 0 44406197
109 16997329 4931578 6788064 1505478 0 0 296163 13887569 37634502 2942049 2889678 302541 0 0 0 637411 40673751 0 0 0 3732430 0 0 0 44406181
110 17063981 4974602 6891649 1541174 0 0 304678 13630086 37821891 2856968 2822514 293185 0 0 0 611612 40784516 0 0 0 3621654 0 0 0 44406170
111 26762968 5709941 8507336 1318697 0 0 379029 1728187 44389235 15810 1113 0 0 0 0 0 44405929 0 0 0 229 0 0 0 44406158
112 30402781 4640765 7338716 678750 0 0 297637 1047491 44391277 13777 1082 3 0 0 0 1 44405977 0 0 0 163 0 0 0 44406140
113 32149069 3996780 6675193 500271 0 0 263930 820876 44389820 15398 894 3 0 0 0 4 44405924 0 0 0 195 0 0 0 44406119
114 35667417 2931059 5112386 232135 0 0 154455 308645 44390660 14605 827 2 0 0 0 3 44405916 0 0 0 181 0 0 0 44406097
115 36363925 2684356 4761441 198626 0 0 134716 263014 44390038 15165 870 5 0 0 0 0 44405899 0 0 0 179 0 0 0 44406078
116 36887656 2487075 4501717 174963 0 0 120463 234179 44389710 15450 888 2 0 0 0 3 44405875 0 0 0 178 0 0 0 44406053
117 37373117 2311708 4255199 152602 0 0 109267 204143 44390898 14411 724 2 0 0 0 1 44405875 0 0 0 161 0 0 0 44406036
118 37936130 2076730 4025069 112187 0 0 99159 156749 44405119 290 615 0 0 0 0 0 44406024 0 0 0 0 0 0 0 44406024
119 38413332 1916102 3764185 93080 0 0 88317 130988 44404647 608 749 0 0 0 0 0 44406004 0 0 0 0 0 0 0 44406004
