0 65072305 6663562 9108937 1235900 0 0 174460 28542382 96068023 6514210 6339409 626951 0 0 0 1248953 102900030 0 0 0 7897516 0 0 0 110797546
1 57571776 8818331 11428662 2012734 0 0 316192 30649755 95300123 6873629 6616136 661591 0 0 0 1345971 102492628 0 0 0 8304822 0 0 0 110797450
2 56888514 9817773 12176770 2278733 0 0 360391 29275176 96224955 6486653 6229405 612529 0 0 0 1243815 103011481 0 0 0 7785876 0 0 0 110797357
3 52022749 10915285 13831185 2780271 0 0 503566 30744196 95969974 6608550 6324337 620915 0 0 0 1273476 102859589 0 0 0 7937663 0 0 0 110797252
4 52610452 11125766 14160304 2825038 0 0 534621 29540986 96739167 6261038 6036125 582760 0 0 0 1178077 103244280 0 0 0 7552887 0 0 0 110797167
5 51980345 11047873 13863973 2800766 0 0 518954 30585168 96108777 6524049 6296060 618561 0 0 0 1249632 102920989 0 0 0 7876090 0 0 0 110797079
6 51117068 11175333 13913952 2870826 0 0 529897 31189905 95786413 6649422 6437211 639469 0 0 0 1284466 102750738 0 0 0 8046243 0 0 0 110796981
7 51903443 11342606 14034280 2878215 0 0 535379 30102956 96379674 6429343 6161875 604812 0 0 0 1221175 103091329 0 0 0 7705550 0 0 0 110796879
8 50178162 11306298 13986210 2913699 0 0 537454 31874970 95394569 6853673 6554332 658534 0 0 0 1335685 102543450 0 0 0 8253343 0 0 0 110796793
9 49960521 11492271 14343974 3023932 0 0 569422 31406568 95763880 6711926 6395488 630877 0 0 0 1294517 102733988 0 0 0 8062700 0 0 0 110796688
10 50179286 11529648 14533198 3066265 0 0 579231 30908963 96064381 6555307 6303817 618425 0 0 0 1254661 102880999 0 0 0 7915592 0 0 0 110796591
11 49124371 11590589 14766614 3150423 0 0 601306 31563204 95781958 6676117 6419379 634283 0 0 0 1284770 102711069 0 0 0 8085438 0 0 0 110796507
12 49675218 11735118 15131251 3191329 0 0 627298 30436193 96426760 6389092 6165800 603348 0 0 0 1211407 103094237 0 0 0 7702170 0 0 0 110796407
13 48091794 11646861 15031319 3204270 0 0 621530 32200533 95395512 6855689 6554293 657648 0 0 0 1333165 102512264 0 0 0 8284043 0 0 0 110796307
14 46305962 11722748 15224329 3372106 0 0 642459 33528615 94717301 7142797 6826652 694104 0 0 0 1415365 102185598 0 0 0 8610621 0 0 0 110796219
15 45887103 11837073 15450949 3449502 0 0 660765 33510726 94793731 7139533 6771120 682159 0 0 0 1409575 102170658 0 0 0 8625460 0 0 0 110796118
16 44064864 11856024 15531198 3585966 0 0 678522 35079452 94006324 7436921 7124334 730450 0 0 0 1497997 101764302 0 0 0 9031724 0 0 0 110796026
17 44614655 12132636 15997295 3703659 0 0 715548 33632149 94947818 7040331 6748574 676676 0 0 0 1382543 102273095 0 0 0 8522847 0 0 0 110795942
18 45265354 12209719 16072195 3665770 0 0 717287 32865526 95343786 6850979 6604651 662743 0 0 0 1333692 102509577 0 0 0 8286274 0 0 0 110795851
19 44159718 12119283 15904849 3659643 0 0 709884 34242391 94540829 7223154 6892886 703577 0 0 0 1435322 102073859 0 0 0 8721909 0 0 0 110795768
20 44045911 12138620 15927782 3691420 0 0 710805 34281126 94515753 7233220 6907270 702660 0 0 0 1436761 102071458 0 0 0 8724206 0 0 0 110795664
21 44687104 12223991 16085848 3713428 0 0 720966 33364228 95071688 7011817 6667115 670033 0 0 0 1374912 102374127 0 0 0 8421438 0 0 0 110795565
22 44469684 12179634 16156711 3690783 0 0 730428 33568214 94998330 7027975 6714336 676807 0 0 0 1378006 102253413 0 0 0 8542041 0 0 0 110795454
23 45087910 12241049 16293669 3691527 0 0 738976 32742211 95485900 6817213 6525713 649580 0 0 0 1316936 102520159 0 0 0 8275183 0 0 0 110795342
24 44575400 12125226 16074677 3667686 0 0 718562 33633675 94902074 7034645 6785859 686960 0 0 0 1385688 102258423 0 0 0 8536803 0 0 0 110795226
25 45621220 12327092 16337473 3690037 0 0 733852 32085446 95804176 6687575 6385988 634435 0 0 0 1282946 102769433 0 0 0 8025687 0 0 0 110795120
26 44311717 12072252 15919332 3610546 0 0 704240 34176909 94521696 7239729 6893744 703566 0 0 0 1436261 102030828 0 0 0 8764168 0 0 0 110794996
27 45180879 12293196 16378206 3720379 0 0 739937 32482286 95622714 6779837 6446828 638537 0 0 0 1306967 102660257 0 0 0 8134626 0 0 0 110794883
28 46008445 12235181 16363914 3659877 0 0 731031 31796308 95965002 6599536 6348596 620022 0 0 0 1261600 102858279 0 0 0 7936477 0 0 0 110794756
29 45414940 12170010 16323102 3664596 0 0 732820 32489182 95599416 6755639 6496457 643623 0 0 0 1299515 102640003 0 0 0 8154647 0 0 0 110794650
30 45190797 12105279 16161849 3619955 0 0 717273 32999366 95248008 6902250 6635669 665804 0 0 0 1342788 102417870 0 0 0 8376649 0 0 0 110794519
31 69688340 13693521 19784324 2902860 0 0 919905 3805440 110769842 2057 22285 70 0 0 0 136 110793455 0 0 0 935 0 0 0 110794390
32 78867058 10905065 16665091 1451972 0 0 693525 2211520 110769821 1983 22219 58 0 0 0 150 110793273 0 0 0 958 0 0 0 110794231
33 82637486 9327491 15331586 1095932 0 0 623726 1777840 110771269 1911 20685 76 0 0 0 120 110793080 0 0 0 981 0 0 0 110794061
34 91257394 6580029 11493095 478540 0 0 356499 628308 110770521 1876 21241 77 0 0 0 150 110792915 0 0 0 950 0 0 0 110793865
35 92879407 6012420 10658498 403666 0 0 308322 531355 110770562 1862 21034 73 0 0 0 137 110792704 0 0 0 964 0 0 0 110793668
36 94121017 5584473 9990186 356216 0 0 273278 468253 110769666 1740 21786 81 0 0 0 150 110792487 0 0 0 936 0 0 0 110793423
37 95270064 5193030 9358204 314317 0 0 243578 413952 110770882 1418 20633 64 0 0 0 148 110792218 0 0 0 927 0 0 0 110793145
38 96814252 4609169 8646040 208998 0 0 214509 299884 110789234 1464 1950 69 0 0 0 135 110792021 0 0 0 831 0 0 0 110792852
39 97856001 4210367 8109171 172396 0 0 192792 251815 110788267 1585 2469 81 0 0 0 140 110791715 0 0 0 827 0 0 0 110792542
40 66847562 6535572 9012080 1179086 0 0 174193 27043702 96985233 6173436 5919755 572518 0 0 0 1141253 103383173 0 0 0 7409022 0 0 0 110792195
41 59579761 8668837 11303870 1940601 0 0 315267 28983502 96317130 6460639 6193751 603503 0 0 0 1216815 103000710 0 0 0 7791128 0 0 0 110791838
42 56833809 9632143 11893905 2226203 0 0 350311 29855076 95936831 6606948 6352492 631050 0 0 0 1264126 102841156 0 0 0 7950291 0 0 0 110791447
43 52921018 10918542 13704871 2731519 0 0 500664 30014408 96380186 6452952 6132592 604797 0 0 0 1220495 103046722 0 0 0 7744300 0 0 0 110791022
44 52289844 11048758 13780573 2784136 0 0 515082 30372240 96203421 6523409 6212405 612381 0 0 0 1239017 102980373 0 0 0 7810260 0 0 0 110790633
45 51456209 11133208 13802712 2837598 0 0 526752 31033629 95887437 6675877 6324415 625020 0 0 0 1277359 102773622 0 0 0 8016486 0 0 0 110790108
46 50479049 11170617 13804701 2909511 0 0 533504 31892213 95431620 6840850 6539939 651401 0 0 0 1325785 102523286 0 0 0 8266309 0 0 0 110789595
47 50366651 11347832 14031565 2997093 0 0 551913 31494023 95709168 6715797 6436880 636352 0 0 0 1290880 102684219 0 0 0 8104858 0 0 0 110789077
48 48903004 11378207 14032088 3031593 0 0 555672 32887961 94929320 7040533 6755542 683529 0 0 0 1379601 102238729 0 0 0 8549796 0 0 0 110788525
49 48442381 11615804 14342956 3144198 0 0 583717 32658930 95124291 6982991 6649699 667325 0 0 0 1363680 102368674 0 0 0 8419312 0 0 0 110787986
50 47938389 11669084 14474035 3183972 0 0 593124 32928852 94983670 7047032 6697152 677811 0 0 0 1381791 102280584 0 0 0 8506872 0 0 0 110787456
51 47680967 11808273 14879369 3286025 0 0 629614 32502720 95333893 6909279 6548025 652721 0 0 0 1343050 102448104 0 0 0 8338864 0 0 0 110786968
52 46396061 11730402 14997551 3356757 0 0 640835 33664883 94712579 7147627 6827224 689122 0 0 0 1409937 102102914 0 0 0 8683575 0 0 0 110786489
53 45734059 11862496 15322011 3476309 0 0 671561 33719597 94762760 7125610 6808408 687868 0 0 0 1401387 102124933 0 0 0 8661100 0 0 0 110786033
54 45862793 12007886 15606544 3540287 0 0 687653 33080457 95151225 6947257 6656617 672334 0 0 0 1358187 102346917 0 0 0 8438703 0 0 0 110785620
55 46060909 12151740 15870926 3560952 0 0 711213 32429468 95548483 6807439 6470016 647324 0 0 0 1311946 102552549 0 0 0 8232659 0 0 0 110785208
56 46385880 12174654 15994560 3540091 0 0 717190 31972446 95810035 6702865 6350771 635065 0 0 0 1286085 102688156 0 0 0 8096665 0 0 0 110784821
57 46458085 12127739 15994532 3537865 0 0 718373 31947879 95803327 6714539 6351162 629208 0 0 0 1286237 102692791 0 0 0 8091682 0 0 0 110784473
58 46303469 12070025 16024939 3554953 0 0 721535 32109155 95719532 6720201 6420790 634713 0 0 0 1288840 102650608 0 0 0 8133468 0 0 0 110784076
59 46629384 12106610 16090515 3537903 0 0 723807 31695467 95976852 6611908 6311370 624348 0 0 0 1259208 102748946 0 0 0 8034740 0 0 0 110783686
60 46854989 12147674 16108142 3524034 0 0 724499 31424018 96095204 6542095 6280370 620219 0 0 0 1245468 102844578 0 0 0 7938778 0 0 0 110783356
61 47384288 12207716 16169448 3521863 0 0 727246 30772407 96446747 6414620 6109835 602578 0 0 0 1209188 103082319 0 0 0 7700649 0 0 0 110782968
62 47189124 12117031 16051671 3481843 0 0 713852 31229048 96150737 6542518 6229544 615408 0 0 0 1244362 102920549 0 0 0 7862020 0 0 0 110782569
63 45854156 11962316 15835360 3505413 0 0 705575 32919401 95193911 6969913 6600624 661397 0 0 0 1356376 102375982 0 0 0 8406239 0 0 0 110782221
64 46518077 12104765 16156213 3560515 0 0 724510 31717756 95948187 6623568 6321670 625256 0 0 0 1263155 102763464 0 0 0 8018372 0 0 0 110781836
65 46036708 12055246 16039592 3558944 0 0 717738 32373194 95572394 6777005 6485692 642232 0 0 0 1304099 102579960 0 0 0 8201462 0 0 0 110781422
66 46429597 12202107 16281599 3585426 0 0 736617 31545663 96073067 6555014 6284951 623394 0 0 0 1244583 102850445 0 0 0 7930564 0 0 0 110781009
67 46172399 12102159 16007916 3541015 0 0 713311 32243753 95589009 6784275 6454508 645105 0 0 0 1307656 102639715 0 0 0 8140838 0 0 0 110780553
68 45502963 12109361 16014613 3592222 0 0 717796 32843119 95284468 6906032 6588335 660743 0 0 0 1340496 102479275 0 0 0 8300799 0 0 0 110780074
69 45495034 12098286 16005684 3601143 0 0 717359 32862080 95283264 6922876 6569664 658039 0 0 0 1345743 102458002 0 0 0 8321584 0 0 0 110779586
70 46587887 12246707 16344707 3623938 0 0 740722 31235095 96268105 6478866 6196500 606057 0 0 0 1229528 102982312 0 0 0 7796744 0 0 0 110779056
71 45631407 12061419 16052037 3572400 0 0 721778 32739477 95382757 6856130 6560309 653462 0 0 0 1325860 102452959 0 0 0 8325559 0 0 0 110778518
72 44967510 12085687 16035232 3620842 0 0 722249 33346445 95036324 6987148 6710508 678745 0 0 0 1365240 102285771 0 0 0 8492194 0 0 0 110777965
73 46648492 12283991 16253815 3603765 0 0 729379 31258006 96187164 6518119 6220693 612494 0 0 0 1238978 102942003 0 0 0 7835445 0 0 0 110777448
74 45722324 12146206 16051808 3573402 0 0 714339 32568856 95414558 6850388 6530146 653333 0 0 0 1328510 102541577 0 0 0 8235358 0 0 0 110776935
75 45855833 12192628 16203312 3614836 0 0 732846 32176955 95701643 6738974 6402660 635015 0 0 0 1298118 102673225 0 0 0 8103185 0 0 0 110776410
76 46027812 12099322 16120360 3582597 0 0 718479 32227451 95638356 6741079 6461083 637469 0 0 0 1298034 102615652 0 0 0 8160369 0 0 0 110776021
77 46734058 12222421 16363013 3607970 0 0 739201 31108933 96318291 6440778 6191469 605461 0 0 0 1219597 102995606 0 0 0 7779990 0 0 0 110775596
78 44843909 11981353 15890648 3661678 0 0 704096 33693521 94760790 7074504 6852648 692079 0 0 0 1395184 102268415 0 0 0 8506790 0 0 0 110775205
79 44322252 12123682 16001966 3761059 0 0 717293 33848596 94728921 7116761 6834242 690153 0 0 0 1404771 102275257 0 0 0 8499591 0 0 0 110774848
80 45126619 12226289 16130650 3662202 0 0 717503 32911238 95248863 6915445 6597045 664393 0 0 0 1348755 102425197 0 0 0 8349304 0 0 0 110774501
81 44947034 12224029 16262182 3687173 0 0 735250 32918523 95312357 6906202 6559822 652902 0 0 0 1342908 102442509 0 0 0 8331682 0 0 0 110774191
82 45396334 12216438 16382216 3673904 0 0 743108 32361898 95642216 6747253 6447958 639671 0 0 0 1296800 102604250 0 0 0 8169648 0 0 0 110773898
83 46075336 12191069 16353896 3617926 0 0 734523 31800871 95921409 6618133 6341276 626471 0 0 0 1266332 102753370 0 0 0 8020251 0 0 0 110773621
84 44663240 12015854 16006596 3592277 0 0 714172 33781237 94732493 7109839 6833675 693781 0 0 0 1403588 102105707 0 0 0 8667669 0 0 0 110773376
85 44917064 12181061 16133567 3661790 0 0 719132 33160564 95120551 6973415 6644150 673065 0 0 0 1361997 102346027 0 0 0 8427151 0 0 0 110773178
86 45873886 12279716 16278752 3641388 0 0 721068 31978173 95781979 6692384 6378944 633395 0 0 0 1286281 102722012 0 0 0 8050971 0 0 0 110772983
87 44725794 12125929 16117889 3655574 0 0 720527 33427099 94979517 7040855 6701727 671096 0 0 0 1379617 102284063 0 0 0 8488749 0 0 0 110772812
88 44588788 12121337 16205740 3684243 0 0 727962 33444583 95010866 7010753 6704545 675093 0 0 0 1371396 102254275 0 0 0 8518378 0 0 0 110772653
89 44355406 12081718 16100475 3679342 0 0 719085 33836498 94764387 7108659 6813926 686626 0 0 0 1398926 102116381 0 0 0 8656143 0 0 0 110772524
90 43931892 12164386 16195609 3728306 0 0 726663 34025538 94673290 7134479 6857226 699730 0 0 0 1407669 102085159 0 0 0 8687235 0 0 0 110772394
91 45473477 12373117 16476989 3711785 0 0 739353 31997567 95838497 6665899 6354102 633018 0 0 0 1280772 102721032 0 0 0 8051256 0 0 0 110772288
92 46179014 12308467 16457717 3626331 0 0 734504 31466128 96084061 6560177 6256607 618407 0 0 0 1252909 102864241 0 0 0 7907920 0 0 0 110772161
93 45767349 12150657 16287703 3583107 0 0 725857 32257375 95625134 6774325 6429680 637678 0 0 0 1305231 102576251 0 0 0 8195797 0 0 0 110772048
94 47121848 12181052 16457166 3553372 0 0 727304 30731182 96477356 6388905 6105720 595651 0 0 0 1204292 103044319 0 0 0 7727605 0 0 0 110771924
95 46220855 11989416 16092098 3508237 0 0 702558 32258654 95558903 6775944 6485955 644222 0 0 0 1306794 102563112 0 0 0 8208706 0 0 0 110771818
96 46178258 12101797 16246895 3558662 0 0 714434 31971656 95753654 6674495 6417856 641038 0 0 0 1284659 102671518 0 0 0 8100184 0 0 0 110771702
97 46062596 12057784 16052020 3532622 0 0 695448 32371120 95447827 6826082 6521935 652483 0 0 0 1323263 102557815 0 0 0 8213775 0 0 0 110771590
98 45023973 12065180 16044364 3587896 0 0 699795 33350271 94931807 7049429 6722657 681815 0 0 0 1385771 102244221 0 0 0 8527258 0 0 0 110771479
99 44748386 12070589 16073196 3626318 0 0 705871 33547020 94868596 7092270 6735892 678693 0 0 0 1395929 102190230 0 0 0 8581150 0 0 0 110771380
100 44827589 12119597 16250821 3680140 0 0 717714 33175415 95131398 6952007 6666082 664253 0 0 0 1357536 102355116 0 0 0 8416160 0 0 0 110771276
101 45438941 12211223 16400016 3674769 0 0 728859 32317385 95655482 6725057 6454463 641041 0 0 0 1295150 102630415 0 0 0 8140778 0 0 0 110771193
102 44333777 12040323 16091084 3635456 0 0 708302 33962160 94649855 7141322 6866133 698060 0 0 0 1415732 102072675 0 0 0 8698427 0 0 0 110771102
103 44975911 12228138 16264314 3674979 0 0 718055 32909621 95269349 6913335 6582952 662260 0 0 0 1343122 102441166 0 0 0 8329852 0 0 0 110771018
104 46371544 12297648 16383777 3609141 0 0 715961 31392855 96096430 6552772 6252969 619382 0 0 0 1249373 102914878 0 0 0 7856048 0 0 0 110770926
105 45858002 12153960 16252231 3591353 0 0 712721 32202558 95652874 6755832 6424827 636100 0 0 0 1301192 102666906 0 0 0 8103919 0 0 0 110770825
106 45509025 12032371 16165814 3576002 0 0 705897 32781628 95304558 6886127 6585112 657675 0 0 0 1337265 102430430 0 0 0 8340307 0 0 0 110770737
107 45658071 12045921 16130680 3561352 0 0 699051 32675562 95353567 6859189 6569106 657628 0 0 0 1331147 102441134 0 0 0 8329503 0 0 0 110770637
108 45586744 12121344 16196009 3606314 0 0 702700 32557426 95429234 6804250 6564475 654725 0 0 0 1317853 102539487 0 0 0 8231050 0 0 0 110770537
109 46711542 12253703 16374354 3569143 0 0 713393 31148318 96226022 6496216 6202319 612759 0 0 0 1233137 102969877 0 0 0 7800576 0 0 0 110770453
110 43799952 11846930 15713151 3542720 0 0 673227 35194376 93830077 7517531 7160255 743048 0 0 0 1519445 101661879 0 0 0 9108477 0 0 0 110770356
111 69352279 13781894 19897625 2949692 0 0 916975 3871786 110735060 32965 2216 2 0 0 0 8 110769781 0 0 0 470 0 0 0 110770251
112 79266776 10795967 16512766 1400582 0 0 670125 2123949 110737380 30780 1992 3 0 0 0 10 110769753 0 0 0 412 0 0 0 110770165
113 82113383 9524332 15499727 1129242 0 0 627096 1876283 110735591 32591 1871 2 0 0 0 8 110769628 0 0 0 435 0 0 0 110770063
114 91325221 6668561 11328386 477872 0 0 342454 627471 110734013 34059 1885 6 0 0 0 2 110769581 0 0 0 384 0 0 0 110769965
115 92960156 6123348 10458959 403297 0 0 294242 529875 110734813 33250 1806 1 0 0 0 7 110769433 0 0 0 444 0 0 0 110769877
116 94202672 5668728 9816058 354502 0 0 262992 464840 110734976 32958 1843 5 0 0 0 10 110769368 0 0 0 424 0 0 0 110769792
117 95305043 5248632 9248249 314847 0 0 238718 414198 110734733 33578 1368 4 0 0 0 4 110769251 0 0 0 436 0 0 0 110769687
118 96618564 4631741 8781091 217634 0 0 216477 304087 110767631 686 1277 0 0 0 0 0 110769590 0 0 0 4 0 0 0 110769594
119 97669274 4248441 8226883 178565 0 0 193974 252361 110766869 1011 1618 0 0 0 0 0 110769491 0 0 0 7 0 0 0 110769498
