0 23871167 2419043 3065650 366810 0 0 62561 9789091 34373459 2304649 2212912 223805 0 0 0 459497 36626175 0 0 0 2948147 0 0 0 39574322
1 21578466 3187629 3904092 631214 0 0 116943 10155965 34320442 2327331 2235679 225554 0 0 0 465303 36590816 0 0 0 2983493 0 0 0 39574309
2 20677661 3491038 4110724 720035 0 0 129886 10444946 34188242 2396352 2272832 232305 0 0 0 484559 36531381 0 0 0 3042909 0 0 0 39574290
3 19095115 3963053 4778087 908655 0 0 186557 10642815 34295998 2352986 2227321 224719 0 0 0 473258 36579312 0 0 0 2994970 0 0 0 39574282
4 18746052 3999743 4794788 927808 0 0 191279 10914597 34147188 2423994 2280882 231791 0 0 0 490412 36504806 0 0 0 3069461 0 0 0 39574267
5 18784334 4080358 4844927 945468 0 0 194728 10724434 34296770 2348597 2232896 225028 0 0 0 470958 36571995 0 0 0 3002254 0 0 0 39574249
6 19124751 4098720 4879084 941753 0 0 198797 10331128 34513408 2251066 2150829 215732 0 0 0 443198 36707459 0 0 0 2866774 0 0 0 39574233
7 19571924 4119723 4911726 927375 0 0 202256 9841213 34796371 2133293 2032181 200947 0 0 0 411425 36856120 0 0 0 2718097 0 0 0 39574217
8 18926006 4037269 4830754 919908 0 0 199419 10660845 34291550 2357752 2224996 226808 0 0 0 473095 36576672 0 0 0 2997529 0 0 0 39574201
9 18636235 4110143 4882533 960614 0 0 202572 10782089 34245044 2385170 2240018 226330 0 0 0 477624 36571586 0 0 0 3002600 0 0 0 39574186
10 18343043 4130229 4923749 983334 0 0 205021 10988793 34129432 2435211 2284423 232095 0 0 0 493008 36503864 0 0 0 3070305 0 0 0 39574169
11 18002529 4231275 5060773 1037531 0 0 215886 11026152 34174635 2406032 2277960 231582 0 0 0 483937 36525274 0 0 0 3048872 0 0 0 39574146
12 18060135 4258651 5187822 1060106 0 0 228768 10778647 34324185 2336839 2222641 225910 0 0 0 464554 36606706 0 0 0 2967423 0 0 0 39574129
13 17900006 4270224 5239200 1064172 0 0 233084 10867428 34280939 2356779 2238722 228077 0 0 0 469597 36566206 0 0 0 3007908 0 0 0 39574114
14 17435336 4241733 5275486 1084083 0 0 239616 11297844 34020953 2476162 2331506 240219 0 0 0 505258 36418579 0 0 0 3155519 0 0 0 39574098
15 17239426 4317145 5334327 1127038 0 0 243680 11312470 34042899 2471038 2320538 237394 0 0 0 502217 36451726 0 0 0 3122360 0 0 0 39574086
16 17210148 4356330 5411099 1146291 0 0 249248 11200954 34122642 2441449 2284833 232574 0 0 0 492572 36498865 0 0 0 3075205 0 0 0 39574070
17 16892118 4375762 5408074 1157772 0 0 248951 11491372 33983104 2487837 2354552 241083 0 0 0 507473 36399277 0 0 0 3174772 0 0 0 39574049
18 16932144 4391709 5465237 1171845 0 0 256064 11357031 34063513 2448649 2326651 239343 0 0 0 495874 36439134 0 0 0 3134896 0 0 0 39574030
19 17011713 4404078 5466528 1167287 0 0 255290 11269123 34110712 2427769 2307840 238042 0 0 0 489656 36472558 0 0 0 3101461 0 0 0 39574019
20 16868776 4372041 5476641 1169155 0 0 259916 11427470 34005198 2483571 2337817 241656 0 0 0 505757 36417384 0 0 0 3156615 0 0 0 39573999
21 16828874 4410295 5482814 1179355 0 0 259153 11413490 34024789 2479496 2325807 238417 0 0 0 505472 36439972 0 0 0 3134009 0 0 0 39573981
22 16894112 4417804 5518045 1187030 0 0 259710 11297265 34100436 2448463 2294433 234776 0 0 0 495858 36492922 0 0 0 3081044 0 0 0 39573966
23 16888576 4440690 5523792 1190524 0 0 258058 11272309 34136316 2424031 2292125 233377 0 0 0 488100 36506288 0 0 0 3067661 0 0 0 39573949
24 16884610 4424644 5538501 1189153 0 0 262323 11274700 34128759 2421792 2298661 235990 0 0 0 488729 36504958 0 0 0 3068973 0 0 0 39573931
25 16796037 4410487 5497807 1180754 0 0 259220 11429611 34031017 2462291 2340682 242296 0 0 0 497630 36428097 0 0 0 3145819 0 0 0 39573916
26 16686446 4384980 5515601 1186099 0 0 263469 11537301 33952607 2504833 2358801 244698 0 0 0 512957 36387507 0 0 0 3186389 0 0 0 39573896
27 16669112 4422833 5531715 1197627 0 0 261524 11491062 33996925 2489083 2340915 240165 0 0 0 506785 36419629 0 0 0 3154244 0 0 0 39573873
28 16681280 4439876 5562897 1208025 0 0 264358 11417415 34046057 2476081 2314186 237120 0 0 0 500407 36468353 0 0 0 3105498 0 0 0 39573851
29 16717763 4461221 5569407 1207897 0 0 262040 11355499 34103427 2439866 2304544 234519 0 0 0 491471 36478104 0 0 0 3095723 0 0 0 39573827
30 16715614 4433024 5561923 1201382 0 0 263926 11397933 34065257 2449795 2326898 238923 0 0 0 492929 36461149 0 0 0 3112653 0 0 0 39573802
31 25460328 4844806 6649997 972224 0 0 332612 1313818 39563403 660 9664 19 0 0 0 39 39573513 0 0 0 272 0 0 0 39573785
32 28824490 3782545 5512747 464334 0 0 249809 739828 39563799 603 9300 16 0 0 0 35 39573483 0 0 0 270 0 0 0 39573753
33 30148416 3246934 5014812 349947 0 0 218219 595396 39563678 583 9413 17 0 0 0 33 39573433 0 0 0 291 0 0 0 39573724
34 33233119 2250588 3642638 141869 0 0 118469 187011 39563952 557 9139 8 0 0 0 38 39573464 0 0 0 230 0 0 0 39573694
35 33764031 2066853 3358336 121935 0 0 101798 160707 39563438 479 9699 12 0 0 0 32 39573408 0 0 0 252 0 0 0 39573660
36 34216617 1881303 3144925 102730 0 0 91414 136613 39563713 558 9295 12 0 0 0 24 39573345 0 0 0 257 0 0 0 39573602
37 34611833 1741762 2930833 89474 0 0 80361 119288 39563914 451 9140 11 0 0 0 35 39573323 0 0 0 228 0 0 0 39573551
38 35069393 1563831 2716034 62638 0 0 71647 89959 39572360 444 660 10 0 0 0 28 39573307 0 0 0 195 0 0 0 39573502
39 35388940 1452253 2540201 52172 0 0 63919 75936 39571908 497 969 13 0 0 0 34 39573178 0 0 0 243 0 0 0 39573421
40 24542857 2340927 2982437 341890 0 0 59908 9305331 34643708 2212851 2079329 206537 0 0 0 430925 36791624 0 0 0 2781726 0 0 0 39573350
41 22177725 3132780 3814055 602779 0 0 111813 9734113 34568039 2238849 2118430 211003 0 0 0 436944 36748605 0 0 0 2824660 0 0 0 39573265
42 21394801 3447224 4025736 687821 0 0 125240 9892340 34514201 2260031 2140864 215373 0 0 0 442693 36721925 0 0 0 2851237 0 0 0 39573162
43 19645399 3893323 4656528 862310 0 0 180336 10335169 34461983 2278943 2164835 218477 0 0 0 448827 36681508 0 0 0 2891557 0 0 0 39573065
44 19369839 3940884 4706993 889372 0 0 188769 10477090 34372477 2329023 2188054 221646 0 0 0 461747 36641534 0 0 0 2931413 0 0 0 39572947
45 19075902 4006546 4721940 913655 0 0 191074 10663717 34291246 2365594 2219367 224655 0 0 0 471972 36593618 0 0 0 2979216 0 0 0 39572834
46 18455681 4027103 4727392 938369 0 0 192421 11231735 33972499 2504429 2343822 241928 0 0 0 510023 36409548 0 0 0 3163153 0 0 0 39572701
47 18410667 4129803 4823904 973363 0 0 199592 11035223 34128790 2426466 2292736 234033 0 0 0 490527 36484755 0 0 0 3087797 0 0 0 39572552
48 17952624 4136279 4842287 996794 0 0 204541 11439914 33900943 2521755 2385030 248519 0 0 0 516192 36364536 0 0 0 3207903 0 0 0 39572439
49 18025721 4219987 4989958 1029416 0 0 218190 11089064 34144093 2415066 2292371 234938 0 0 0 485868 36491195 0 0 0 3081141 0 0 0 39572336
50 17961710 4214180 5021679 1033562 0 0 222093 11119000 34101588 2445952 2294217 236249 0 0 0 494218 36473573 0 0 0 3098651 0 0 0 39572224
51 17787138 4263646 5119050 1060984 0 0 228831 11112455 34136470 2433845 2278742 232728 0 0 0 490319 36475261 0 0 0 3096843 0 0 0 39572104
52 17541908 4261583 5163458 1076465 0 0 231937 11296626 34031041 2481901 2318187 237567 0 0 0 503281 36434151 0 0 0 3137826 0 0 0 39571977
53 17471273 4328490 5264291 1110375 0 0 239783 11157637 34153876 2420247 2279901 233071 0 0 0 484754 36496314 0 0 0 3075535 0 0 0 39571849
54 17396204 4328170 5338443 1120960 0 0 247666 11140315 34167244 2405099 2281859 234188 0 0 0 483368 36502697 0 0 0 3069061 0 0 0 39571758
55 17023748 4334248 5355308 1135594 0 0 251930 11470821 33980355 2485363 2358021 243277 0 0 0 504633 36389287 0 0 0 3182362 0 0 0 39571649
56 17191555 4369792 5454418 1157819 0 0 262256 11135730 34170398 2416180 2267699 231916 0 0 0 485377 36506919 0 0 0 3064651 0 0 0 39571570
57 16796661 4356783 5400419 1158652 0 0 256995 11601979 33903803 2532002 2372766 244407 0 0 0 518511 36344476 0 0 0 3227013 0 0 0 39571489
58 16759611 4395890 5506801 1188253 0 0 265702 11455140 34013270 2488614 2326747 238345 0 0 0 504421 36407808 0 0 0 3163589 0 0 0 39571397
59 16869494 4434350 5504616 1189255 0 0 262996 11310596 34115497 2436163 2295104 235099 0 0 0 489444 36468420 0 0 0 3102887 0 0 0 39571307
60 16847271 4431945 5546902 1196088 0 0 269543 11279474 34140132 2417332 2293090 235122 0 0 0 485547 36493053 0 0 0 3078170 0 0 0 39571223
61 16978586 4431762 5536055 1190501 0 0 267522 11166707 34201130 2390440 2269212 231401 0 0 0 478950 36528297 0 0 0 3042836 0 0 0 39571133
62 16985667 4405206 5534202 1183034 0 0 270232 11192700 34158694 2420576 2272850 233283 0 0 0 485638 36518448 0 0 0 3052593 0 0 0 39571041
63 16973724 4418573 5528451 1180746 0 0 266771 11202696 34157858 2423458 2270772 230749 0 0 0 488124 36508532 0 0 0 3062429 0 0 0 39570961
64 17333625 4445064 5597975 1176008 0 0 269811 10748398 34420613 2314980 2160931 217646 0 0 0 456711 36664782 0 0 0 2906099 0 0 0 39570881
65 16798213 4379395 5468050 1162643 0 0 258623 11503849 33977642 2491127 2353132 242766 0 0 0 506106 36400541 0 0 0 3170232 0 0 0 39570773
66 16590522 4385634 5509080 1191671 0 0 264771 11629004 33917563 2512942 2381197 247113 0 0 0 511867 36364636 0 0 0 3206046 0 0 0 39570682
67 17171774 4458340 5582368 1188912 0 0 268768 10900392 34345297 2325219 2213000 224636 0 0 0 462402 36602798 0 0 0 2967756 0 0 0 39570554
68 16924829 4398228 5556101 1178875 0 0 270268 11242126 34124589 2433138 2286871 235302 0 0 0 490527 36486880 0 0 0 3083547 0 0 0 39570427
69 16837421 4427261 5560247 1190641 0 0 269302 11285435 34123138 2436775 2284892 233919 0 0 0 491583 36494005 0 0 0 3076302 0 0 0 39570307
70 16718275 4390556 5514635 1188823 0 0 263580 11494326 33978066 2503258 2340031 240750 0 0 0 508090 36426973 0 0 0 3143222 0 0 0 39570195
71 17235190 4498323 5637456 1201350 0 0 271072 10726701 34462519 2281389 2161473 215813 0 0 0 448898 36693576 0 0 0 2876516 0 0 0 39570092
72 17601179 4441805 5631019 1156035 0 0 269696 10470245 34576495 2227865 2119493 211153 0 0 0 434973 36744835 0 0 0 2825144 0 0 0 39569979
73 17695521 4409489 5592258 1130934 0 0 267999 10473629 34568851 2231048 2123423 211281 0 0 0 435227 36719795 0 0 0 2850035 0 0 0 39569830
74 17866717 4343833 5544220 1105713 0 0 263612 10445602 34533068 2255443 2125804 212777 0 0 0 442605 36710653 0 0 0 2859044 0 0 0 39569697
75 17893473 4353893 5508280 1101316 0 0 257860 10454762 34532167 2255695 2126087 211839 0 0 0 443796 36721166 0 0 0 2848418 0 0 0 39569584
76 17463211 4321527 5456596 1113852 0 0 253780 10960500 34236072 2389645 2238351 227364 0 0 0 478034 36556466 0 0 0 3013000 0 0 0 39569466
77 17715259 4394025 5535875 1130282 0 0 258215 10535713 34511114 2258187 2141263 214134 0 0 0 444671 36703413 0 0 0 2865956 0 0 0 39569369
78 15941015 4217343 5248477 1152051 0 0 241620 12768760 33184467 2811597 2680319 289590 0 0 0 603293 35987044 0 0 0 3582222 0 0 0 39569266
79 15111265 4317746 5341312 1259996 0 0 256619 13282243 32950171 2912643 2770160 301474 0 0 0 634733 35842753 0 0 0 3726428 0 0 0 39569181
80 16402882 4537382 5664949 1288959 0 0 277655 11397283 34080726 2451355 2303277 236937 0 0 0 496815 36463990 0 0 0 3105120 0 0 0 39569110
81 16404940 4538206 5690064 1260881 0 0 280489 11394449 34109578 2441668 2290981 233515 0 0 0 493287 36480917 0 0 0 3088112 0 0 0 39569029
82 16582819 4510935 5719770 1248746 0 0 284512 11222198 34213256 2398340 2248609 227337 0 0 0 481438 36550575 0 0 0 3018405 0 0 0 39568980
83 16817344 4435946 5560819 1187592 0 0 263673 11303555 34112305 2430062 2301912 234726 0 0 0 489924 36471888 0 0 0 3097041 0 0 0 39568929
84 16872697 4424040 5575264 1191667 0 0 265062 11240141 34136790 2416723 2294442 235454 0 0 0 485462 36492738 0 0 0 3076133 0 0 0 39568871
85 16865437 4418732 5536404 1186064 0 0 263120 11299080 34094437 2433777 2312168 237456 0 0 0 490999 36467225 0 0 0 3101612 0 0 0 39568837
86 17019323 4422259 5586526 1183673 0 0 267846 11089180 34208715 2397311 2251985 230147 0 0 0 480649 36539044 0 0 0 3029763 0 0 0 39568807
87 16624755 4388284 5500711 1183278 0 0 260370 11611380 33901999 2531599 2373710 244646 0 0 0 516824 36370320 0 0 0 3198458 0 0 0 39568778
88 16795294 4431731 5594707 1203213 0 0 266354 11277447 34111758 2439662 2290703 233036 0 0 0 493587 36475699 0 0 0 3093047 0 0 0 39568746
89 16933765 4449889 5577493 1191065 0 0 262414 11154103 34195157 2395529 2266969 230123 0 0 0 480951 36504154 0 0 0 3064575 0 0 0 39568729
90 16619600 4408775 5575120 1201423 0 0 265736 11498050 33995677 2477931 2349046 243642 0 0 0 502408 36406130 0 0 0 3162574 0 0 0 39568704
91 16780508 4440863 5591918 1203593 0 0 266178 11285620 34122151 2421505 2302302 236485 0 0 0 486237 36465852 0 0 0 3102828 0 0 0 39568680
92 16912322 4422386 5602804 1196541 0 0 267760 11166845 34165474 2414931 2270943 232961 0 0 0 484349 36513878 0 0 0 3054780 0 0 0 39568658
93 16763355 4422570 5584918 1193605 0 0 264715 11339472 34074596 2459362 2302901 235506 0 0 0 496270 36442984 0 0 0 3125651 0 0 0 39568635
94 16574706 4404816 5556979 1200025 0 0 261254 11570835 33933716 2523064 2354462 243455 0 0 0 513918 36373320 0 0 0 3195295 0 0 0 39568615
95 16873319 4466288 5611310 1205821 0 0 262558 11149305 34202282 2396100 2261264 229855 0 0 0 479100 36515285 0 0 0 3053316 0 0 0 39568601
96 17011706 4427073 5610284 1180751 0 0 263834 11074935 34227645 2377588 2255957 230853 0 0 0 476540 36521449 0 0 0 3047134 0 0 0 39568583
97 16781141 4401201 5551705 1177831 0 0 261315 11395373 34039746 2456698 2334677 240116 0 0 0 497329 36408870 0 0 0 3159696 0 0 0 39568566
98 16836126 4386761 5568766 1180585 0 0 262894 11333419 34053734 2462565 2315552 239119 0 0 0 497581 36434649 0 0 0 3133902 0 0 0 39568551
99 16748129 4414680 5545114 1187692 0 0 259251 11413667 34021792 2480092 2324458 238901 0 0 0 503290 36427358 0 0 0 3141175 0 0 0 39568533
100 16547368 4414023 5557683 1206406 0 0 260076 11582957 33928834 2522295 2358546 243517 0 0 0 515321 36389667 0 0 0 3178846 0 0 0 39568513
101 16653309 4461679 5576909 1214585 0 0 260906 11401114 34064994 2450929 2320676 236576 0 0 0 495327 36451477 0 0 0 3117025 0 0 0 39568502
102 16823015 4445026 5608322 1203098 0 0 264443 11224579 34154930 2410724 2284018 234492 0 0 0 484319 36494095 0 0 0 3074388 0 0 0 39568483
103 16790063 4422325 5578974 1188229 0 0 261404 11327467 34088475 2436920 2313790 237810 0 0 0 491467 36443290 0 0 0 3125172 0 0 0 39568462
104 16498443 4372262 5531111 1190926 0 0 261520 11714184 33836984 2554641 2398721 251553 0 0 0 526547 36313646 0 0 0 3254800 0 0 0 39568446
105 16625064 4429395 5573351 1204162 0 0 261821 11474641 33994409 2490380 2336200 240382 0 0 0 507063 36402194 0 0 0 3166240 0 0 0 39568434
106 16735483 4435599 5604860 1199497 0 0 262551 11330428 34076539 2458183 2301234 235467 0 0 0 496995 36452334 0 0 0 3116084 0 0 0 39568418
107 16650950 4447632 5598227 1209206 0 0 259119 11403269 34063777 2450619 2319531 237771 0 0 0 496705 36450832 0 0 0 3117571 0 0 0 39568403
108 16458767 4396261 5548783 1197624 0 0 259416 11707536 33864302 2531161 2402259 250922 0 0 0 519743 36321900 0 0 0 3246487 0 0 0 39568387
109 16515912 4425022 5564129 1205909 0 0 259843 11597549 33937532 2498215 2376164 246008 0 0 0 510445 36358476 0 0 0 3209888 0 0 0 39568364
110 16290189 4390401 5539339 1205333 0 0 261223 11881861 33745284 2592310 2437285 256189 0 0 0 537278 36249112 0 0 0 3319234 0 0 0 39568346
111 25054812 4998038 6741524 1040205 0 0 334871 1398882 39541521 25834 973 2 0 0 0 2 39567976 0 0 0 356 0 0 0 39568332
112 28400184 3976595 5601031 525202 0 0 249876 815428 39541178 26265 870 1 0 0 0 2 39567974 0 0 0 342 0 0 0 39568316
113 29673315 3472676 5113742 408978 0 0 219918 679670 39541761 25661 875 1 0 0 0 1 39567963 0 0 0 336 0 0 0 39568299
114 32845368 2450974 3711046 194228 0 0 121696 244971 39541416 25911 953 0 0 0 0 3 39567974 0 0 0 309 0 0 0 39568283
115 33390554 2265996 3420798 169664 0 0 105106 216148 39541396 25998 868 2 0 0 0 2 39567919 0 0 0 347 0 0 0 39568266
116 33830370 2085877 3212763 151996 0 0 94912 192332 39541603 25793 849 2 0 0 0 3 39567881 0 0 0 369 0 0 0 39568250
117 34194445 1962695 3013635 139361 0 0 83914 174192 39542680 25036 525 1 0 0 0 0 39567915 0 0 0 327 0 0 0 39568242
118 34778825 1676513 2845866 80625 0 0 76533 109863 39567462 275 488 0 0 0 0 0 39568224 0 0 0 1 0 0 0 39568225
119 35154740 1543927 2650922 63978 0 0 67471 87172 39566967 408 835 0 0 0 0 0 39568209 0 0 0 1 0 0 0 39568210
