0 56646707 3204306 4235727 421907 0 0 65285 13794722 71185589 3193636 3134961 281841 0 0 0 572627 74524908 0 0 0 3843746 0 0 0 78368654
1 52045669 4420345 5638785 680247 0 0 136186 15447355 70413522 3540692 3445922 316376 0 0 0 652075 74096248 0 0 0 4272339 0 0 0 78368587
2 51560562 4902474 6065184 760698 0 0 161275 14918349 70757322 3403580 3290003 298848 0 0 0 618789 74280411 0 0 0 4088131 0 0 0 78368542
3 48613244 5614594 7322350 932657 0 0 237740 15647906 70568643 3474129 3383012 309437 0 0 0 633270 74152204 0 0 0 4216287 0 0 0 78368491
4 48455098 5770676 7556182 973423 0 0 255368 15357691 70766002 3386298 3305397 298824 0 0 0 611917 74274873 0 0 0 4093565 0 0 0 78368438
5 48276613 5796955 7472885 972836 0 0 252722 15596376 70621974 3438180 3375002 308425 0 0 0 624806 74201634 0 0 0 4166753 0 0 0 78368387
6 48837174 5861010 7538324 969303 0 0 258599 14903929 70987768 3296278 3200164 289225 0 0 0 594904 74408467 0 0 0 3959872 0 0 0 78368339
7 48585332 5843329 7458466 957995 0 0 254269 15268891 70773019 3389830 3292028 299084 0 0 0 614321 74289619 0 0 0 4078663 0 0 0 78368282
8 47730000 5918027 7558169 989951 0 0 261350 15910732 70443915 3543615 3416927 313678 0 0 0 650094 74101762 0 0 0 4266467 0 0 0 78368229
9 46840156 5984054 7634066 1023702 0 0 264507 16621699 70079671 3689670 3584150 331747 0 0 0 682946 73889778 0 0 0 4478406 0 0 0 78368184
10 47232351 6089971 7878794 1058187 0 0 283504 15825326 70549944 3477830 3396372 309933 0 0 0 634054 74151215 0 0 0 4216918 0 0 0 78368133
11 46600302 6130672 7977345 1076748 0 0 289530 16293488 70289015 3582319 3513063 323790 0 0 0 659898 74021838 0 0 0 4346247 0 0 0 78368085
12 46021366 6233245 8180180 1108082 0 0 302861 16522293 70172099 3656789 3535897 326706 0 0 0 676536 73960109 0 0 0 4407918 0 0 0 78368027
13 45678684 6267977 8229209 1128995 0 0 308057 16755057 70046570 3709185 3588076 334333 0 0 0 689815 73895964 0 0 0 4472015 0 0 0 78367979
14 44595865 6359084 8396259 1176535 0 0 319415 17520769 69648727 3892933 3741773 351987 0 0 0 732507 73683589 0 0 0 4684338 0 0 0 78367927
15 44841116 6456221 8626095 1205422 0 0 337739 16901292 70039994 3712052 3595344 334487 0 0 0 686008 73881803 0 0 0 4486082 0 0 0 78367885
16 43882523 6480586 8677269 1229975 0 0 340283 17757203 69579698 3910610 3786764 356907 0 0 0 733860 73631401 0 0 0 4736438 0 0 0 78367839
17 43205096 6598003 8827468 1280886 0 0 352400 18103936 69406663 3970334 3870940 366338 0 0 0 753514 73549753 0 0 0 4818036 0 0 0 78367789
18 44022043 6655477 8870209 1270403 0 0 357653 17191965 69891009 3777207 3652775 340998 0 0 0 705761 73813686 0 0 0 4554064 0 0 0 78367750
19 43616667 6659946 8869133 1269814 0 0 357602 17594517 69666983 3877919 3741042 352279 0 0 0 729456 73694747 0 0 0 4672932 0 0 0 78367679
20 43248893 6686972 8945390 1288621 0 0 363453 17834282 69555629 3932892 3782200 355215 0 0 0 741675 73632708 0 0 0 4734903 0 0 0 78367611
21 44194287 6674393 8968113 1270221 0 0 364983 16895562 70101768 3684002 3571053 330955 0 0 0 679781 73906312 0 0 0 4461247 0 0 0 78367559
22 44475239 6633391 8994653 1256176 0 0 365289 16642752 70235687 3622728 3517001 325264 0 0 0 666820 73989659 0 0 0 4377841 0 0 0 78367500
23 43589390 6609700 8929949 1268820 0 0 360444 17609149 69684678 3850663 3756118 353378 0 0 0 722615 73712006 0 0 0 4655446 0 0 0 78367452
24 43971906 6655146 8944300 1268923 0 0 360917 17166198 69908115 3777249 3637913 341212 0 0 0 702901 73826702 0 0 0 4540688 0 0 0 78367390
25 44684578 6643579 8924996 1243595 0 0 360304 16510276 70263582 3624895 3492691 322044 0 0 0 664116 74022155 0 0 0 4345173 0 0 0 78367328
26 44013545 6623790 8939212 1251500 0 0 361169 17178045 69906114 3783513 3636473 338577 0 0 0 702584 73814673 0 0 0 4552588 0 0 0 78367261
27 43871086 6632592 8963437 1266732 0 0 364464 17268874 69886099 3777891 3661931 341604 0 0 0 699660 73792480 0 0 0 4574705 0 0 0 78367185
28 44150925 6620826 8987007 1263384 0 0 364326 16980645 70045617 3709887 3595020 332001 0 0 0 684588 73878135 0 0 0 4488978 0 0 0 78367113
29 44504716 6634746 9031157 1254961 0 0 367925 16573538 70267457 3603290 3510635 324514 0 0 0 661147 73991367 0 0 0 4375676 0 0 0 78367043
30 43459707 6615503 8930686 1269369 0 0 358444 17733263 69596652 3911126 3767210 355538 0 0 0 736446 73658376 0 0 0 4708596 0 0 0 78366972
31 60254143 6290282 9445443 822756 0 0 418982 1135304 78358514 817 7491 32 0 0 0 56 78366490 0 0 0 420 0 0 0 78366910
32 65272248 4563434 7312527 346610 0 0 277839 594160 78358488 787 7457 24 0 0 0 62 78366421 0 0 0 397 0 0 0 78366818
33 66718383 3889986 6726831 273659 0 0 245727 512127 78358682 765 7162 33 0 0 0 71 78366316 0 0 0 397 0 0 0 78366713
34 71379131 2417232 4267751 79775 0 0 111097 111617 78358460 793 7267 27 0 0 0 56 78366189 0 0 0 414 0 0 0 78366603
35 72067530 2161332 3886876 66357 0 0 93275 91125 78357836 728 7846 25 0 0 0 60 78366082 0 0 0 413 0 0 0 78366495
36 72605109 1964530 3582867 55357 0 0 81303 77207 78358297 751 7227 22 0 0 0 76 78365996 0 0 0 377 0 0 0 78366373
37 73075189 1789175 3316296 48217 0 0 70759 66581 78357562 687 7859 37 0 0 0 72 78365817 0 0 0 400 0 0 0 78366217
38 73551992 1603147 3062789 34734 0 0 62194 51191 78364404 644 901 35 0 0 0 63 78365621 0 0 0 426 0 0 0 78366047
39 73935009 1450070 2853463 28675 0 0 55873 42766 78364108 712 944 36 0 0 0 56 78365468 0 0 0 388 0 0 0 78365856
40 53948592 3377950 4355910 468431 0 0 64022 16150749 69938977 3749561 3644206 340309 0 0 0 692601 73823236 0 0 0 4542418 0 0 0 78365654
41 49657334 4698691 5926720 772607 0 0 151178 17158900 69534160 3924539 3810282 359834 0 0 0 736615 73616257 0 0 0 4749173 0 0 0 78365430
42 48707786 5237594 6358079 869445 0 0 177427 17014863 69641220 3898858 3739699 352790 0 0 0 732627 73681891 0 0 0 4683303 0 0 0 78365194
43 45291596 6033911 7750452 1083973 0 0 270857 17934153 69365910 4019157 3852082 366007 0 0 0 761786 73530230 0 0 0 4834712 0 0 0 78364942
44 45989586 6184014 7973702 1107709 0 0 289310 16820358 70030611 3732253 3578990 332354 0 0 0 690471 73891245 0 0 0 4473434 0 0 0 78364679
45 46467271 6156127 7899710 1083537 0 0 288196 16469563 70233387 3625785 3516403 324541 0 0 0 664288 73975472 0 0 0 4388932 0 0 0 78364404
46 45553704 6181247 7933839 1107412 0 0 289094 17298806 69784451 3814977 3707708 345812 0 0 0 711154 73733215 0 0 0 4630887 0 0 0 78364102
47 45083719 6227261 7924347 1131364 0 0 288380 17708716 69542812 3911811 3812708 359203 0 0 0 737253 73617376 0 0 0 4746411 0 0 0 78363787
48 45224205 6323566 8019967 1144127 0 0 296274 17355348 69723985 3854680 3713528 349425 0 0 0 721869 73719304 0 0 0 4644183 0 0 0 78363487
49 43734661 6399056 8095935 1182258 0 0 302809 18648483 69021989 4159787 4000009 383126 0 0 0 798291 73340410 0 0 0 5022792 0 0 0 78363202
50 44567813 6538499 8401100 1216353 0 0 326658 17312475 69815794 3825171 3666731 341374 0 0 0 713828 73766012 0 0 0 4596886 0 0 0 78362898
51 45308578 6480531 8434523 1190694 0 0 328748 16619540 70214416 3631567 3524324 324452 0 0 0 667855 73971023 0 0 0 4391591 0 0 0 78362614
52 44376998 6488069 8597474 1217864 0 0 340984 17340977 69841719 3794723 3678097 342108 0 0 0 705719 73761343 0 0 0 4601023 0 0 0 78362366
53 43632086 6501647 8613095 1243531 0 0 342243 18029479 69440328 3957457 3853392 364751 0 0 0 746153 73554161 0 0 0 4807920 0 0 0 78362081
54 43722467 6593012 8754313 1265325 0 0 351185 17675515 69619653 3900998 3754939 353317 0 0 0 732910 73657265 0 0 0 4704552 0 0 0 78361817
55 43196111 6656961 8850667 1288349 0 0 360488 18009009 69451239 3979188 3819421 361685 0 0 0 750052 73563878 0 0 0 4797707 0 0 0 78361585
56 43399452 6734162 9041234 1308986 0 0 376628 17500895 69770906 3845918 3681786 344941 0 0 0 717806 73729006 0 0 0 4632351 0 0 0 78361357
57 44075094 6709899 9049336 1286438 0 0 377190 16863167 70138466 3674586 3549509 326725 0 0 0 671838 73921583 0 0 0 4439541 0 0 0 78361124
58 43781248 6673990 9056825 1290704 0 0 375593 17182567 69961085 3742210 3630050 337247 0 0 0 690335 73838012 0 0 0 4522915 0 0 0 78360927
59 43672879 6667708 9016423 1288588 0 0 371976 17343137 69856712 3776786 3680141 344645 0 0 0 702427 73778215 0 0 0 4582496 0 0 0 78360711
60 43128421 6673485 8951828 1297571 0 0 367009 17942165 69488865 3952252 3811569 360265 0 0 0 747528 73590236 0 0 0 4770243 0 0 0 78360479
61 43561284 6749729 9051617 1305351 0 0 377255 17315027 69853542 3799131 3656153 343013 0 0 0 708424 73783171 0 0 0 4577092 0 0 0 78360263
62 44031566 6724259 9067418 1291560 0 0 375621 16869642 70108937 3689304 3551395 329080 0 0 0 681350 73933245 0 0 0 4426821 0 0 0 78360066
63 44420981 6695102 9111357 1271868 0 0 380582 16479943 70351717 3575374 3463970 317512 0 0 0 651260 74036736 0 0 0 4323097 0 0 0 78359833
64 44493479 6619964 9029622 1254451 0 0 372269 16589820 70265839 3607575 3502770 323215 0 0 0 660206 73993632 0 0 0 4365973 0 0 0 78359605
65 43367404 6598568 8913562 1268126 0 0 363100 17848613 69549888 3912293 3804648 358281 0 0 0 734263 73611147 0 0 0 4748226 0 0 0 78359373
66 43504045 6688624 8996613 1300382 0 0 369229 17500216 69734993 3848891 3709375 347939 0 0 0 717911 73740518 0 0 0 4618591 0 0 0 78359109
67 42624701 6706358 8936717 1312347 0 0 366079 18412622 69221984 4066758 3920522 372538 0 0 0 777022 73453273 0 0 0 4905551 0 0 0 78358824
68 43294790 6813179 9201351 1338775 0 0 386706 17323775 69883039 3792225 3639885 338715 0 0 0 704712 73812275 0 0 0 4546301 0 0 0 78358576
69 42829673 6738850 9068064 1324466 0 0 375841 18021398 69491642 3944083 3820928 360027 0 0 0 741612 73587838 0 0 0 4770454 0 0 0 78358292
70 43156313 6798130 9262842 1341537 0 0 390595 17408571 69864216 3783297 3665748 341918 0 0 0 702809 73780143 0 0 0 4577845 0 0 0 78357988
71 44353294 6729071 9155450 1281384 0 0 381941 16456563 70348146 3565184 3472437 321025 0 0 0 650911 74023354 0 0 0 4334349 0 0 0 78357703
72 44132470 6689927 9089845 1265924 0 0 376720 16802517 70128816 3678698 3542573 329528 0 0 0 677788 73922585 0 0 0 4434818 0 0 0 78357403
73 44503894 6661813 9015759 1247483 0 0 371106 16557033 70248299 3625578 3494600 322589 0 0 0 666022 73991212 0 0 0 4365876 0 0 0 78357088
74 44619254 6604368 8924833 1229645 0 0 362205 16616481 70201008 3651881 3507839 323945 0 0 0 672113 73954153 0 0 0 4402633 0 0 0 78356786
75 43850885 6605250 8925991 1250957 0 0 362990 17360438 69816198 3807025 3679533 345565 0 0 0 708190 73739667 0 0 0 4616844 0 0 0 78356511
76 44658510 6638372 9051478 1255491 0 0 371927 16380471 70367712 3561489 3460406 316630 0 0 0 650012 74038211 0 0 0 4318038 0 0 0 78356249
77 44835350 6591846 8963652 1227790 0 0 364465 16372893 70350508 3561492 3470646 321589 0 0 0 651761 74023545 0 0 0 4332451 0 0 0 78355996
78 43153192 6603190 8924856 1305294 0 0 360590 18008638 69441940 3966317 3834881 362756 0 0 0 749866 73639175 0 0 0 4716585 0 0 0 78355760
79 43109770 6681794 8966939 1331572 0 0 365559 17899903 69507052 3937712 3810177 358724 0 0 0 741872 73670331 0 0 0 4685206 0 0 0 78355537
80 43808215 6726178 9051916 1296858 0 0 372141 17100026 69953390 3749116 3619896 335713 0 0 0 697219 73843568 0 0 0 4511766 0 0 0 78355334
81 42606647 6716061 9069372 1314886 0 0 373511 18274665 69342389 4007854 3880396 367487 0 0 0 757016 73482329 0 0 0 4872813 0 0 0 78355142
82 42720777 6769566 9200214 1342644 0 0 382534 17939239 69546209 3918402 3796796 358124 0 0 0 735443 73596258 0 0 0 4758716 0 0 0 78354974
83 43476923 6754516 9149197 1310764 0 0 377834 17285582 69890715 3768152 3655125 342302 0 0 0 698522 73784635 0 0 0 4570181 0 0 0 78354816
84 43056745 6761728 9143319 1322069 0 0 378247 17692586 69640249 3883408 3747760 351424 0 0 0 731853 73675509 0 0 0 4679185 0 0 0 78354694
85 43299442 6767584 9108385 1314840 0 0 376858 17487478 69755295 3835806 3697653 348009 0 0 0 717824 73740687 0 0 0 4613900 0 0 0 78354587
86 43400503 6733137 9057392 1301427 0 0 371993 17490024 69747541 3847717 3692120 346362 0 0 0 720736 73726649 0 0 0 4627827 0 0 0 78354476
87 43149725 6732678 9103653 1311040 0 0 374613 17682663 69666636 3867891 3745847 351369 0 0 0 722629 73665539 0 0 0 4688833 0 0 0 78354372
88 42971123 6730833 9130549 1320338 0 0 374454 17826982 69590674 3897826 3778450 356077 0 0 0 731252 73621322 0 0 0 4732957 0 0 0 78354279
89 43188695 6753670 9157896 1317182 0 0 377760 17559015 69740483 3830826 3720011 349990 0 0 0 712908 73704563 0 0 0 4649655 0 0 0 78354218
90 44193254 6762925 9192951 1291554 0 0 380432 16533031 70280989 3611971 3477520 322262 0 0 0 661405 74013726 0 0 0 4340421 0 0 0 78354147
91 44223871 6688890 9077300 1261705 0 0 371961 16730349 70150223 3662968 3536462 327412 0 0 0 677011 73939896 0 0 0 4414180 0 0 0 78354076
92 43180656 6659908 9000376 1280677 0 0 366224 17866163 69522853 3949900 3781420 356408 0 0 0 743423 73600789 0 0 0 4753215 0 0 0 78354004
93 43479458 6692889 9042980 1294534 0 0 369823 17474244 69767124 3824953 3701399 347643 0 0 0 712809 73711130 0 0 0 4642798 0 0 0 78353928
94 43469371 6698078 9099235 1300330 0 0 370809 17416038 69799016 3807825 3691920 345361 0 0 0 709739 73735554 0 0 0 4618307 0 0 0 78353861
95 43441583 6740732 9168616 1305101 0 0 378064 17319703 69855789 3777223 3675476 344002 0 0 0 701309 73767080 0 0 0 4586719 0 0 0 78353799
96 42219342 6717027 9040300 1324138 0 0 366821 18686108 69062236 4130831 3985193 380909 0 0 0 794567 73363182 0 0 0 4990554 0 0 0 78353736
97 43688695 6821291 9218485 1321651 0 0 382459 16921107 70074078 3700903 3561850 332397 0 0 0 684460 73907824 0 0 0 4445864 0 0 0 78353688
98 43857027 6723450 9084119 1279650 0 0 370083 17039300 69978298 3752936 3593846 335275 0 0 0 693274 73846487 0 0 0 4507142 0 0 0 78353629
99 42369831 6723089 9120879 1326582 0 0 374636 18438560 69254424 4043502 3915066 372278 0 0 0 768307 73432377 0 0 0 4921200 0 0 0 78353577
100 42941410 6749822 9155181 1328559 0 0 375074 17803463 69603002 3892156 3776700 353477 0 0 0 728174 73628881 0 0 0 4724628 0 0 0 78353509
101 42223494 6751975 9079491 1340507 0 0 369666 18588305 69154209 4077180 3964896 380398 0 0 0 776755 73391149 0 0 0 4962289 0 0 0 78353438
102 42235693 6857844 9270997 1371579 0 0 385459 18231827 69366822 4003617 3856752 365818 0 0 0 760390 73524205 0 0 0 4829194 0 0 0 78353399
103 43942123 6844200 9266763 1317576 0 0 383434 16599253 70257856 3620523 3488333 322305 0 0 0 664332 74008301 0 0 0 4345048 0 0 0 78353349
104 43013345 6750045 9138704 1309551 0 0 373068 17768590 69597922 3917842 3752503 352328 0 0 0 732708 73652246 0 0 0 4701057 0 0 0 78353303
105 43930524 6756973 9232557 1300348 0 0 382915 16749944 70197602 3640901 3523328 324830 0 0 0 666600 73958713 0 0 0 4394548 0 0 0 78353261
106 43351089 6632969 9004833 1281172 0 0 360614 17722532 69612421 3890955 3768851 353982 0 0 0 727000 73643101 0 0 0 4710108 0 0 0 78353209
107 43600621 6730738 9192182 1305076 0 0 375566 17148978 69960377 3731786 3630378 338621 0 0 0 691999 73835612 0 0 0 4517549 0 0 0 78353161
108 43702173 6686507 9041392 1280354 0 0 363276 17279401 69826106 3811164 3665288 342359 0 0 0 708186 73784064 0 0 0 4569039 0 0 0 78353103
109 42657432 6723035 9054874 1310316 0 0 366017 18241381 69312770 4028843 3876117 369662 0 0 0 765663 73500192 0 0 0 4852863 0 0 0 78353055
110 43220912 6758990 9140062 1318389 0 0 372393 17542258 69722932 3860567 3703219 345999 0 0 0 720287 73711124 0 0 0 4641880 0 0 0 78353004
111 59913779 6400271 9611330 840049 0 0 425739 1161791 78342261 9743 940 8 0 0 0 7 78352800 0 0 0 159 0 0 0 78352959
112 64542813 4775326 7693435 383517 0 0 296555 661260 78342266 9753 876 5 0 0 0 6 78352769 0 0 0 137 0 0 0 78352906
113 66484661 3993364 6824402 281841 0 0 248421 520160 78343015 8989 842 1 0 0 0 2 78352705 0 0 0 144 0 0 0 78352849
114 71099534 2562967 4363311 90237 0 0 114284 122468 78342238 9723 833 1 0 0 0 6 78352658 0 0 0 143 0 0 0 78352801
115 71827338 2297097 3957604 73304 0 0 97106 100301 78342015 9884 847 2 0 0 0 2 78352634 0 0 0 116 0 0 0 78352750
116 72366674 2081095 3670985 63013 0 0 85007 85923 78342444 9500 743 3 0 0 0 7 78352563 0 0 0 134 0 0 0 78352697
117 72815721 1901177 3428824 56178 0 0 75041 75705 78341862 10055 719 5 0 0 0 5 78352506 0 0 0 140 0 0 0 78352646
118 73291696 1676576 3223115 38847 0 0 66868 55499 78351589 361 651 0 0 0 0 0 78352600 0 0 0 1 0 0 0 78352601
119 73719406 1521223 2976374 31308 0 0 59092 45131 78351369 424 741 0 0 0 0 0 78352532 0 0 0 2 0 0 0 78352534
