0 56953220 7983592 11263492 1370319 0 0 254593 33744837 93794314 7800534 7523153 797239 0 0 0 1654813 100947520 0 0 0 10622533 0 0 0 111570053
1 49781800 10217296 13534876 2486382 0 0 405745 35143876 93674818 7855412 7562593 800395 0 0 0 1676757 100947342 0 0 0 10622633 0 0 0 111569975
2 47474426 11181116 14008332 2861730 0 0 438846 35605436 93571806 7938984 7556576 799538 0 0 0 1702982 100932121 0 0 0 10637765 0 0 0 111569886
3 43499430 12070708 15378453 3476079 0 0 565341 36579790 93604250 7918449 7546973 800358 0 0 0 1699771 100930590 0 0 0 10639211 0 0 0 111569801
4 43229574 12169329 15442975 3518470 0 0 587197 36622180 93587290 7919413 7557707 804206 0 0 0 1701109 100907787 0 0 0 10661938 0 0 0 111569725
5 42492135 12232531 15362964 3572581 0 0 586035 37323384 93261102 8034802 7714085 825703 0 0 0 1733938 100661306 0 0 0 10908324 0 0 0 111569630
6 42809423 12417308 15512797 3626948 0 0 600856 36602215 93744021 7838571 7519170 799210 0 0 0 1668575 100960125 0 0 0 10609422 0 0 0 111569547
7 42993407 12548425 15571875 3644921 0 0 600169 36210655 94013327 7734531 7407956 778799 0 0 0 1634839 101129731 0 0 0 10439721 0 0 0 111569452
8 40202462 12218521 15147731 3657620 0 0 593911 39749110 91836333 8685627 8209409 901187 0 0 0 1936799 99878847 0 0 0 11690508 0 0 0 111569355
9 39110734 12414345 15437077 3880217 0 0 621494 40105400 91768426 8706441 8246865 906466 0 0 0 1941069 99890866 0 0 0 11678401 0 0 0 111569267
10 39456599 12676603 15906763 4026226 0 0 658771 38844204 92604267 8350914 7927247 860531 0 0 0 1826207 100404873 0 0 0 11164293 0 0 0 111569166
11 38033835 12665033 16112942 4154786 0 0 679307 39923176 92132101 8511270 8152242 894307 0 0 0 1879159 100098089 0 0 0 11470990 0 0 0 111569079
12 37350599 12735151 16414668 4293457 0 0 709243 40065866 92135943 8523801 8138070 890824 0 0 0 1880346 100056828 0 0 0 11512156 0 0 0 111568984
13 37743189 12985773 16816046 4407098 0 0 729428 38887347 92934593 8209894 7811253 839231 0 0 0 1773910 100562154 0 0 0 11006727 0 0 0 111568881
14 36139593 12736515 16648104 4422132 0 0 734104 40888361 91681993 8759598 8260554 913034 0 0 0 1953630 99834029 0 0 0 11734780 0 0 0 111568809
15 34664795 12698122 16669026 4576503 0 0 751539 42208731 90974322 9046954 8539963 952757 0 0 0 2054720 99398352 0 0 0 12170364 0 0 0 111568716
16 35202162 12983390 17152355 4742703 0 0 786940 40701082 91976332 8621250 8158392 900391 0 0 0 1912267 100048293 0 0 0 11520339 0 0 0 111568632
17 34231593 12890334 17056772 4763085 0 0 783701 41843067 91356695 8852692 8432305 940172 0 0 0 1986688 99570418 0 0 0 11998134 0 0 0 111568552
18 34116168 12999073 17266207 4857763 0 0 805565 41523694 91651925 8731423 8318390 920823 0 0 0 1945909 99749764 0 0 0 11818706 0 0 0 111568470
19 34430218 13107444 17321300 4865723 0 0 794588 41049096 91942804 8620479 8196022 900747 0 0 0 1908317 99919694 0 0 0 11648675 0 0 0 111568369
20 34386520 13090492 17370747 4868480 0 0 809867 41042147 91909287 8671188 8167395 897298 0 0 0 1923085 99993078 0 0 0 11575175 0 0 0 111568253
21 34461039 13097329 17426169 4869178 0 0 811657 40902797 92001479 8620157 8144450 892885 0 0 0 1909198 100054152 0 0 0 11514017 0 0 0 111568169
22 34644405 13072504 17506839 4861250 0 0 824361 40658694 92121111 8560384 8107122 890856 0 0 0 1888580 100122784 0 0 0 11445269 0 0 0 111568053
23 34631021 13101065 17566249 4877010 0 0 820460 40572152 92237406 8490616 8093784 884055 0 0 0 1862096 100188822 0 0 0 11379135 0 0 0 111567957
24 34510145 13064301 17528674 4871214 0 0 817261 40776270 92111312 8545085 8136418 894221 0 0 0 1880829 100084145 0 0 0 11483720 0 0 0 111567865
25 34114587 13039525 17404623 4869875 0 0 802806 41336363 91791461 8691611 8249316 909420 0 0 0 1925971 99864897 0 0 0 11702882 0 0 0 111567779
26 34647050 13175000 17631025 4907899 0 0 823493 40383221 92332873 8503348 8002657 870395 0 0 0 1858415 100246249 0 0 0 11321439 0 0 0 111567688
27 34337238 13064136 17503265 4870954 0 0 815084 40976907 91967187 8638965 8155912 896798 0 0 0 1908722 100033209 0 0 0 11534375 0 0 0 111567584
28 34666952 13127602 17730416 4914225 0 0 836695 40291586 92382339 8460282 7998592 875019 0 0 0 1851244 100275627 0 0 0 11291849 0 0 0 111567476
29 34484130 13052558 17610377 4871017 0 0 817370 40731901 92136220 8529343 8131865 893833 0 0 0 1876092 100116928 0 0 0 11450425 0 0 0 111567353
30 33933243 12972172 17498330 4883985 0 0 816683 41462807 91713716 8709266 8293333 916991 0 0 0 1933914 99810881 0 0 0 11756339 0 0 0 111567220
31 58450235 16813860 24164101 4896231 0 0 1139661 6103025 111545410 2332 19117 85 0 0 0 169 111565924 0 0 0 1189 0 0 0 111567113
32 69770072 13879694 21147297 2444754 0 0 901465 3423716 111545672 2219 18824 92 0 0 0 191 111565831 0 0 0 1167 0 0 0 111566998
33 74879753 11908050 19568015 1762915 0 0 820522 2627588 111545568 2205 18799 87 0 0 0 184 111565714 0 0 0 1129 0 0 0 111566843
34 84006840 9226357 15738195 880451 0 0 538178 1176648 111545703 2079 18595 91 0 0 0 201 111565476 0 0 0 1193 0 0 0 111566669
35 86024706 8577050 14745569 745873 0 0 468733 1004530 111545464 2055 18658 87 0 0 0 197 111565349 0 0 0 1112 0 0 0 111566461
36 87770543 7965589 13899297 638803 0 0 420420 871581 111545873 2023 18090 84 0 0 0 163 111565101 0 0 0 1132 0 0 0 111566233
37 89267090 7479932 13118750 557644 0 0 376467 766090 111546297 1753 17639 94 0 0 0 190 111564822 0 0 0 1151 0 0 0 111565973
38 91011928 6835697 12302080 443879 0 0 343361 628772 111561374 1748 2354 77 0 0 0 164 111564627 0 0 0 1090 0 0 0 111565717
39 92348819 6352825 11628251 378964 0 0 311438 545169 111560530 1955 2719 80 0 0 0 182 111564353 0 0 0 1113 0 0 0 111565466
40 55748270 7866862 10930521 1357853 0 0 249146 35412478 92748970 8308600 7854229 855223 0 0 0 1798108 100392928 0 0 0 11172202 0 0 0 111565130
41 48785698 10266576 13443192 2564933 0 0 422011 36082371 93179851 8096997 7721237 830786 0 0 0 1735910 100620140 0 0 0 10944641 0 0 0 111564781
42 47166305 11329867 14019525 2949005 0 0 453465 35646234 93653161 7913113 7517407 803062 0 0 0 1677658 100903616 0 0 0 10660785 0 0 0 111564401
43 41431073 12034815 15057338 3553198 0 0 567325 38920270 92356530 8465413 8013510 874676 0 0 0 1853890 100099200 0 0 0 11464819 0 0 0 111564019
44 40499269 12193333 15143060 3690766 0 0 595916 39441244 92073873 8617816 8084079 885921 0 0 0 1901899 99976808 0 0 0 11586780 0 0 0 111563588
45 40559613 12425971 15251170 3777853 0 0 609591 38938924 92445664 8452416 7950365 864850 0 0 0 1849827 100223889 0 0 0 11339233 0 0 0 111563122
46 39298169 12367855 15215641 3835215 0 0 624119 40221629 91691344 8753390 8251062 916152 0 0 0 1950680 99796392 0 0 0 11766236 0 0 0 111562628
47 38865687 12537651 15445403 3979105 0 0 643729 40090557 91930231 8619349 8205235 901754 0 0 0 1905563 99934081 0 0 0 11628051 0 0 0 111562132
48 39191550 12717525 15701594 4043879 0 0 660357 39246734 92483447 8394070 7982128 870881 0 0 0 1831113 100234179 0 0 0 11327460 0 0 0 111561639
49 38323408 12733904 15714702 4093770 0 0 664017 40031346 92083905 8578138 8124560 888343 0 0 0 1886201 100003731 0 0 0 11557416 0 0 0 111561147
50 37967611 12792706 15934480 4184555 0 0 690263 39991015 92119051 8596665 8072191 882781 0 0 0 1889942 100118337 0 0 0 11442293 0 0 0 111560630
51 37398440 12815020 16137811 4285607 0 0 707614 40215662 92045656 8608008 8116491 890618 0 0 0 1899381 100069942 0 0 0 11490212 0 0 0 111560154
52 36740481 12842687 16450415 4418240 0 0 745291 40362620 92003825 8616097 8141167 896308 0 0 0 1902337 100065054 0 0 0 11494680 0 0 0 111559734
53 36320767 12925417 16796961 4560443 0 0 767659 40188089 92285575 8467368 8070991 880446 0 0 0 1854956 100193667 0 0 0 11365669 0 0 0 111559336
54 35845844 12961077 17001740 4645890 0 0 788922 40315478 92254083 8481749 8075169 886657 0 0 0 1861293 100104036 0 0 0 11454915 0 0 0 111558951
55 35558508 13082509 17188554 4741963 0 0 799223 40187789 92431625 8426445 7996646 865557 0 0 0 1838273 100251489 0 0 0 11307057 0 0 0 111558546
56 34828006 12984493 17102963 4756736 0 0 804926 41081054 91832800 8700063 8195393 900817 0 0 0 1929105 99930232 0 0 0 11627946 0 0 0 111558178
57 34932263 13131881 17356787 4856651 0 0 826360 40453887 92282468 8514216 8024317 873373 0 0 0 1863455 100224306 0 0 0 11333523 0 0 0 111557829
58 34439132 12998006 17258460 4835430 0 0 830069 41196378 91779884 8704130 8232599 907821 0 0 0 1933041 99922977 0 0 0 11634498 0 0 0 111557475
59 34526228 13143150 17522647 4949266 0 0 841562 40574310 92325452 8448317 8054004 880778 0 0 0 1848612 100232047 0 0 0 11325116 0 0 0 111557163
60 35314425 13273056 17711303 4933625 0 0 849481 39474955 92963431 8196066 7796247 841935 0 0 0 1759166 100634586 0 0 0 10922259 0 0 0 111556845
61 35786224 13346100 17782279 4888247 0 0 845703 38907980 93316380 8049940 7657052 817421 0 0 0 1715740 100830092 0 0 0 10726441 0 0 0 111556533
62 34921870 13045748 17364905 4781321 0 0 826358 40615977 92134568 8570692 8083570 883482 0 0 0 1883867 100144205 0 0 0 11411974 0 0 0 111556179
63 34285972 13002662 17282632 4840132 0 0 822536 41321896 91722711 8737816 8250214 906204 0 0 0 1938885 99887380 0 0 0 11668450 0 0 0 111555830
64 34206589 13029458 17368113 4890061 0 0 834237 41227004 91790957 8695036 8227631 909266 0 0 0 1932572 99929351 0 0 0 11626111 0 0 0 111555462
65 33813382 13061607 17442370 4960894 0 0 838114 41438690 91795945 8668927 8257671 911308 0 0 0 1921206 99878741 0 0 0 11676316 0 0 0 111555057
66 33649759 13073903 17480054 4992382 0 0 842840 41515734 91774702 8675386 8270820 911737 0 0 0 1922027 99880049 0 0 0 11674623 0 0 0 111554672
67 32735091 12956114 17179463 4987480 0 0 820967 42875159 90956358 9024791 8575912 958209 0 0 0 2039004 99398496 0 0 0 12155778 0 0 0 111554274
68 32820904 13050849 17356697 5070619 0 0 841822 42412963 91234437 8947223 8426806 935754 0 0 0 2009634 99610812 0 0 0 11943042 0 0 0 111553854
69 33209366 13158435 17523726 5084089 0 0 848604 41729158 91664747 8762848 8262634 911576 0 0 0 1951573 99840343 0 0 0 11713035 0 0 0 111553378
70 33337152 13129753 17617195 5077411 0 0 862611 41528739 91771755 8705208 8233207 909968 0 0 0 1932723 99919519 0 0 0 11633342 0 0 0 111552861
71 33280681 13104112 17592604 5069339 0 0 852505 41653128 91739862 8679220 8293438 913284 0 0 0 1926565 99885340 0 0 0 11667029 0 0 0 111552369
72 33833531 13202268 17732041 5067836 0 0 855527 40860673 92216026 8503111 8085359 885674 0 0 0 1861706 100196787 0 0 0 11355089 0 0 0 111551876
73 34371765 13306740 17794860 5034085 0 0 848172 40195758 92617760 8346519 7922005 857521 0 0 0 1807575 100425033 0 0 0 11126347 0 0 0 111551380
74 33734678 13067623 17485537 4938942 0 0 836677 41487429 91691559 8757354 8249533 906135 0 0 0 1946305 99890622 0 0 0 11660264 0 0 0 111550886
75 34743376 13310937 17884669 5018717 0 0 857450 39735271 92812506 8282107 7816929 845888 0 0 0 1792990 100540484 0 0 0 11009936 0 0 0 111550420
76 34020497 13001588 17502602 4892193 0 0 836302 41296806 91711873 8730645 8253512 913957 0 0 0 1940001 99885556 0 0 0 11664432 0 0 0 111549988
77 33387643 13014217 17565267 5003027 0 0 842003 41737449 91617850 8737598 8327478 923107 0 0 0 1943573 99800362 0 0 0 11749244 0 0 0 111549606
78 32608814 12908552 17277504 5058875 0 0 821891 42873590 90920210 9009092 8615518 964461 0 0 0 2039945 99575028 0 0 0 11974198 0 0 0 111549226
79 31618730 12927831 17199038 5170652 0 0 820260 43812366 90450689 9209237 8795298 986803 0 0 0 2106850 99243604 0 0 0 12305273 0 0 0 111548877
80 32410148 13148734 17570031 5199833 0 0 846756 42373039 91319260 8909622 8383709 931755 0 0 0 2004195 99634376 0 0 0 11914165 0 0 0 111548541
81 32465790 13112693 17575150 5159908 0 0 846844 42387905 91298209 8912619 8405326 932391 0 0 0 1999745 99617347 0 0 0 11930943 0 0 0 111548290
82 33014533 13175591 17812287 5169685 0 0 868912 41507026 91822410 8685935 8207555 905634 0 0 0 1926500 99961718 0 0 0 11586316 0 0 0 111548034
83 33877109 13274251 17946950 5113963 0 0 858936 40476565 92457815 8391856 7995927 873497 0 0 0 1828679 100297758 0 0 0 11250016 0 0 0 111547774
84 34304541 13239455 17939980 5031935 0 0 853983 40177652 92570804 8353521 7946939 864390 0 0 0 1811892 100421413 0 0 0 11126133 0 0 0 111547546
85 34275754 13186953 17759843 4973293 0 0 831583 40519912 92343999 8456807 8027290 874007 0 0 0 1845235 100251031 0 0 0 11296307 0 0 0 111547338
86 33710861 13000571 17493053 4916247 0 0 820769 41605663 91569340 8807738 8288679 917902 0 0 0 1963505 99840232 0 0 0 11706932 0 0 0 111547164
87 33849779 13121072 17636147 4989757 0 0 828121 41122133 91913375 8654925 8171001 894641 0 0 0 1913067 100046995 0 0 0 11500014 0 0 0 111547009
88 33394897 12981165 17514956 4962348 0 0 825681 41867847 91432275 8850008 8354005 931487 0 0 0 1979119 99759089 0 0 0 11787805 0 0 0 111546894
89 32705289 12933183 17475302 5036351 0 0 826298 42570364 91109591 8950775 8519706 952594 0 0 0 2014121 99533750 0 0 0 12013037 0 0 0 111546787
90 32944869 13041260 17623512 5083492 0 0 833678 42019843 91473889 8802837 8378016 929710 0 0 0 1962202 99749304 0 0 0 11797350 0 0 0 111546654
91 33321573 13186122 17764398 5102013 0 0 831248 41341177 91940919 8615183 8189907 899759 0 0 0 1900763 99998844 0 0 0 11547687 0 0 0 111546531
92 32558436 12940408 17436039 5022881 0 0 820331 42768328 90939126 9071823 8531690 954479 0 0 0 2049305 99452998 0 0 0 12093425 0 0 0 111546423
93 32827648 13060458 17618817 5093359 0 0 832248 42113789 91406560 8865332 8360111 926769 0 0 0 1987547 99741374 0 0 0 11804945 0 0 0 111546319
94 32995214 13024269 17605957 5051262 0 0 832245 42037281 91382493 8861239 8379704 936604 0 0 0 1986188 99753509 0 0 0 11792719 0 0 0 111546228
95 33225736 13135305 17801294 5102600 0 0 837922 41443285 91843677 8646980 8237822 906862 0 0 0 1910801 99965196 0 0 0 11580946 0 0 0 111546142
96 33004204 13000235 17577058 5023301 0 0 823930 42117322 91387678 8834251 8411067 937047 0 0 0 1976007 99713050 0 0 0 11833000 0 0 0 111546050
97 33246341 13124281 17673529 5067602 0 0 821505 41612696 91739848 8696821 8270514 910697 0 0 0 1928074 99905303 0 0 0 11640651 0 0 0 111545954
98 32769332 12935896 17407647 4978414 0 0 810320 42644229 90981681 9050184 8517840 952205 0 0 0 2043928 99510629 0 0 0 12035209 0 0 0 111545838
99 33287243 13135625 17740504 5082730 0 0 829872 41469780 91777356 8714433 8214803 906254 0 0 0 1932908 99944501 0 0 0 11601253 0 0 0 111545754
100 32879194 12940891 17519164 4999263 0 0 819047 42388079 91115229 8975690 8485542 948613 0 0 0 2020564 99609601 0 0 0 11936037 0 0 0 111545638
101 33185153 13092804 17801359 5092588 0 0 831582 41542051 91792380 8663849 8258567 911060 0 0 0 1919681 99943279 0 0 0 11602258 0 0 0 111545537
102 34098864 13199010 17953948 5037322 0 0 831958 40424353 92420007 8413025 8004598 876188 0 0 0 1831637 100305930 0 0 0 11239525 0 0 0 111545455
103 33297824 13007224 17590913 4962817 0 0 806677 41879920 91504452 8797306 8358910 923544 0 0 0 1961163 99757080 0 0 0 11788295 0 0 0 111545375
104 33468813 13035736 17666348 4986584 0 0 815650 41572160 91647178 8778693 8255902 911150 0 0 0 1952368 99884477 0 0 0 11660814 0 0 0 111545291
105 32918609 12906372 17412714 4946689 0 0 797900 42562914 90979408 9041824 8525509 953983 0 0 0 2044474 99465685 0 0 0 12079513 0 0 0 111545198
106 32610780 12906253 17524442 5021325 0 0 816647 42665680 90976221 9034173 8533053 957908 0 0 0 2043772 99472322 0 0 0 12072805 0 0 0 111545127
107 32922308 13029473 17680984 5069430 0 0 816752 42026076 91450143 8805436 8383229 936156 0 0 0 1970059 99689126 0 0 0 11855897 0 0 0 111545023
108 33316237 13104569 17816241 5061605 0 0 824328 41421948 91820466 8670263 8232684 909908 0 0 0 1911607 99931510 0 0 0 11613418 0 0 0 111544928
109 33527490 13115724 17773196 5019962 0 0 812850 41295620 91924259 8630528 8186293 899945 0 0 0 1903817 100024041 0 0 0 11520801 0 0 0 111544842
110 33528798 13029217 17667057 4959700 0 0 808770 41551198 91653042 8772642 8258714 913042 0 0 0 1947300 99905223 0 0 0 11639517 0 0 0 111544740
111 57994677 16871347 24437267 4936941 0 0 1135527 6168893 111502554 39181 2909 6 0 0 0 2 111544225 0 0 0 427 0 0 0 111544652
112 69145740 14007734 21447765 2529433 0 0 902112 3511772 111502249 39480 2816 3 0 0 0 8 111544156 0 0 0 400 0 0 0 111544556
113 74110976 12158981 19884831 1859774 0 0 809385 2720513 111503933 38052 2471 3 0 0 0 1 111544039 0 0 0 421 0 0 0 111544460
114 83086256 9615877 16050247 975700 0 0 531325 1284973 111504298 37767 2299 8 0 0 0 6 111543947 0 0 0 431 0 0 0 111544378
115 85173499 8980984 14988769 834239 0 0 461763 1105030 111504376 37651 2250 4 0 0 0 3 111543890 0 0 0 394 0 0 0 111544284
116 86988952 8327732 14126940 719319 0 0 421163 960100 111503430 38608 2159 3 0 0 0 6 111543837 0 0 0 369 0 0 0 111544206
117 88468496 7793813 13420128 631241 0 0 383621 846822 111505885 36420 1809 3 0 0 0 4 111543770 0 0 0 351 0 0 0 111544121
118 90202253 7047333 12771640 487985 0 0 354928 679893 111541309 941 1782 0 0 0 0 0 111544025 0 0 0 7 0 0 0 111544032
119 91522779 6584804 12114031 416214 0 0 319364 586761 111540638 1321 1994 0 0 0 0 0 111543949 0 0 0 4 0 0 0 111543953
