0 77419072 6207122 8355232 1116803 0 0 140211 27647661 106789510 6344950 6039695 587616 0 0 0 1124330 113385011 0 0 0 7501090 0 0 0 120886101
1 70108931 8385414 10872637 1744453 0 0 281058 29493515 106149366 6598011 6331777 618727 0 0 0 1188127 113028889 0 0 0 7857119 0 0 0 120886008
2 69627350 9274945 11605629 1932959 0 0 322947 28122088 107011666 6224765 5973185 577001 0 0 0 1099301 113491243 0 0 0 7394675 0 0 0 120885918
3 64422190 10514327 13629805 2369356 0 0 469871 29480275 106712160 6333327 6112685 597417 0 0 0 1130235 113338953 0 0 0 7546871 0 0 0 120885824
4 65130019 10718098 13882559 2375299 0 0 498833 28280924 107372188 6087079 5799731 559852 0 0 0 1066882 113691760 0 0 0 7193972 0 0 0 120885732
5 64498078 10682827 13588552 2365061 0 0 482117 29269004 106803135 6330342 6037268 589997 0 0 0 1124897 113402379 0 0 0 7483260 0 0 0 120885639
6 63703409 10834559 13705538 2419796 0 0 493476 29728772 106604304 6434407 6102371 595569 0 0 0 1148899 113283653 0 0 0 7601897 0 0 0 120885550
7 64612312 10944929 13794686 2414673 0 0 497858 28621000 107244026 6132702 5868242 564446 0 0 0 1076042 113615654 0 0 0 7269804 0 0 0 120885458
8 62592523 10943845 13811267 2466203 0 0 500662 30570883 106198932 6590187 6291965 618942 0 0 0 1185357 113033421 0 0 0 7851962 0 0 0 120885383
9 62429953 11139807 14179205 2552819 0 0 529490 30054029 106512514 6435746 6181866 605286 0 0 0 1149891 113211613 0 0 0 7673690 0 0 0 120885303
10 62689136 11166718 14270921 2559956 0 0 538069 29660417 106677044 6397208 6079651 594995 0 0 0 1136319 113311765 0 0 0 7573452 0 0 0 120885217
11 61618607 11276256 14561510 2632067 0 0 561867 30234806 106427721 6497317 6186144 607971 0 0 0 1165960 113177406 0 0 0 7707707 0 0 0 120885113
12 62286748 11385174 14874963 2645800 0 0 580038 29112304 107090655 6232871 5897219 568210 0 0 0 1096072 113532797 0 0 0 7352230 0 0 0 120885027
13 60504729 11335460 14875665 2689850 0 0 579710 30899528 106142257 6619484 6311142 621349 0 0 0 1190710 112979932 0 0 0 7905010 0 0 0 120884942
14 58632848 11466241 15172140 2840117 0 0 604407 32169098 105513094 6885266 6573701 655903 0 0 0 1256887 112667881 0 0 0 8216970 0 0 0 120884851
15 58098952 11589732 15388869 2902525 0 0 623314 32281370 105445261 6908612 6605586 663205 0 0 0 1262098 112612256 0 0 0 8272506 0 0 0 120884762
16 56201018 11696636 15528055 3026418 0 0 639983 33792554 104630845 7285203 6905213 703844 0 0 0 1359559 112219260 0 0 0 8665404 0 0 0 120884664
17 56872120 11968003 15948220 3089456 0 0 674789 32331989 105523656 6899532 6545492 654773 0 0 0 1261124 112702595 0 0 0 8181982 0 0 0 120884577
18 57709540 12010338 15996169 3045426 0 0 674989 31448022 106043182 6693015 6317835 622510 0 0 0 1207942 112970518 0 0 0 7913966 0 0 0 120884484
19 56355708 11946268 15930679 3070209 0 0 672942 32908568 105277771 6993375 6660302 666932 0 0 0 1285994 112542180 0 0 0 8342194 0 0 0 120884374
20 56254552 11964532 15977091 3106912 0 0 675544 32905647 105283336 6991112 6665163 664072 0 0 0 1280595 112541518 0 0 0 8342760 0 0 0 120884278
21 57103826 12016305 16089252 3110687 0 0 683829 31880297 105823438 6733832 6464774 643143 0 0 0 1219009 112851084 0 0 0 8033112 0 0 0 120884196
22 56789513 12000569 16105370 3069732 0 0 686905 32232012 105593259 6882295 6502232 652267 0 0 0 1254048 112691821 0 0 0 8192280 0 0 0 120884101
23 57523764 12040444 16212456 3060973 0 0 697109 31349251 106091848 6659483 6308166 625578 0 0 0 1198922 112965768 0 0 0 7918229 0 0 0 120883997
24 57031843 11949937 16003230 3050798 0 0 675693 32172386 105629889 6867001 6492730 645224 0 0 0 1249043 112749128 0 0 0 8134759 0 0 0 120883887
25 58196873 12075859 16274846 3054202 0 0 692697 30589306 106585419 6423629 6137545 595566 0 0 0 1141624 113244776 0 0 0 7639007 0 0 0 120883783
26 56616298 11862651 15924452 3025836 0 0 664857 32789589 105300947 6992266 6648692 665662 0 0 0 1276116 112513208 0 0 0 8370475 0 0 0 120883683
27 57689750 12052164 16354470 3096179 0 0 699700 30991324 106359698 6508092 6238546 614596 0 0 0 1162655 113127057 0 0 0 7756530 0 0 0 120883587
28 58897246 11962636 16231700 3011451 0 0 685012 30095414 106748150 6365071 6056620 589738 0 0 0 1123880 113368867 0 0 0 7514592 0 0 0 120883459
29 58079665 11920081 16199979 3020544 0 0 689002 30974057 106285871 6566660 6240524 615912 0 0 0 1174361 113111313 0 0 0 7772015 0 0 0 120883328
30 57707901 11876799 16020133 2987275 0 0 670568 31620500 105906156 6758531 6367263 630610 0 0 0 1220616 112873365 0 0 0 8009811 0 0 0 120883176
31 84512493 12355037 18333447 2082380 0 0 819274 2780408 120864217 1909 16745 48 0 0 0 120 120882136 0 0 0 903 0 0 0 120883039
32 93204230 9486662 15004407 1000658 0 0 593450 1593513 120863922 1745 17063 72 0 0 0 118 120882060 0 0 0 860 0 0 0 120882920
33 96456466 8092538 13734708 767180 0 0 523185 1308693 120864010 1737 16844 57 0 0 0 122 120881912 0 0 0 858 0 0 0 120882770
34 105046392 5374730 9524822 286057 0 0 270346 380274 120863621 1700 17140 56 0 0 0 104 120881738 0 0 0 883 0 0 0 120882621
35 106465349 4868765 8756872 241610 0 0 230821 319022 120863311 1688 17251 51 0 0 0 138 120881620 0 0 0 819 0 0 0 120882439
36 107550371 4470896 8164658 212177 0 0 204927 279198 120863109 1660 17290 58 0 0 0 110 120881413 0 0 0 814 0 0 0 120882227
37 108459989 4123524 7683953 186287 0 0 182164 246063 120863821 1454 16542 55 0 0 0 108 120881176 0 0 0 804 0 0 0 120881980
38 109684786 3650972 7087933 121542 0 0 159781 176683 120878521 1354 1685 45 0 0 0 92 120880985 0 0 0 712 0 0 0 120881697
39 110560507 3327589 6605042 99265 0 0 141642 147325 120877628 1459 2114 55 0 0 0 114 120880591 0 0 0 779 0 0 0 120881370
40 78629559 6091018 8262817 1070789 0 0 138421 26688413 107342169 6120749 5797150 561183 0 0 0 1059766 113665261 0 0 0 7215756 0 0 0 120881017
41 71606870 8249487 10713027 1674971 0 0 278106 28358174 106751392 6372166 6042165 589562 0 0 0 1125350 113340414 0 0 0 7540221 0 0 0 120880635
42 68910576 9189608 11349507 1898146 0 0 315108 29217307 106393136 6550338 6165659 604572 0 0 0 1166547 113165963 0 0 0 7714289 0 0 0 120880252
43 64676496 10566909 13538260 2333800 0 0 471637 29292752 106876033 6315549 5993301 583017 0 0 0 1111954 113362195 0 0 0 7517659 0 0 0 120879854
44 63961490 10707266 13667844 2398669 0 0 487100 29657092 106697313 6388779 6074427 590578 0 0 0 1128364 113291229 0 0 0 7588232 0 0 0 120879461
45 63089942 10836865 13741385 2450803 0 0 500794 30259160 106376308 6508225 6222628 612829 0 0 0 1158959 113111793 0 0 0 7767156 0 0 0 120878949
46 62254732 10920019 13732948 2506163 0 0 504964 30959613 105952723 6727540 6353756 631400 0 0 0 1213020 112898660 0 0 0 7979779 0 0 0 120878439
47 62318809 11101040 13936449 2558964 0 0 521754 30440920 106265054 6581872 6241260 614903 0 0 0 1174847 113085789 0 0 0 7792147 0 0 0 120877936
48 60676691 11167123 13962958 2586706 0 0 525445 31958467 105484859 6945426 6528765 652818 0 0 0 1265522 112618424 0 0 0 8258966 0 0 0 120877390
49 60352969 11390034 14345777 2690300 0 0 553897 31543893 105821026 6764659 6435076 633812 0 0 0 1222297 112800625 0 0 0 8076245 0 0 0 120876870
50 59795208 11425769 14473268 2719689 0 0 561840 31900621 105638747 6856119 6497290 644736 0 0 0 1239503 112677188 0 0 0 8199207 0 0 0 120876395
51 59607868 11567039 14895858 2803228 0 0 598984 31402863 105959576 6686091 6392113 635156 0 0 0 1202904 112859055 0 0 0 8016785 0 0 0 120875840
52 58382103 11542072 14978393 2850148 0 0 608431 32514240 105294614 7007281 6627589 665124 0 0 0 1280779 112521310 0 0 0 8354077 0 0 0 120875387
53 57769233 11698250 15303493 2933684 0 0 636503 32533755 105339116 6988322 6604591 666432 0 0 0 1276457 112542447 0 0 0 8332471 0 0 0 120874918
54 57948692 11816662 15553300 2966206 0 0 649840 31939754 105725692 6844009 6426872 639068 0 0 0 1238813 112741156 0 0 0 8133298 0 0 0 120874454
55 58200215 11933847 15864009 2983239 0 0 672018 31220702 106206068 6609159 6263374 616072 0 0 0 1179357 112967421 0 0 0 7906609 0 0 0 120874030
56 58486567 11919462 15963894 2963083 0 0 676732 30863860 106417030 6520511 6171750 607487 0 0 0 1156820 113053911 0 0 0 7819687 0 0 0 120873598
57 58610769 11874214 15966523 2964602 0 0 681427 30775650 106410166 6499633 6198749 610178 0 0 0 1154459 113085302 0 0 0 7787883 0 0 0 120873185
58 58663757 11846752 15936849 2967050 0 0 678506 30779897 106345821 6558155 6191340 610950 0 0 0 1166545 113075713 0 0 0 7797098 0 0 0 120872811
59 58964754 11871650 15944088 2933494 0 0 676876 30481561 106504570 6487967 6124418 602629 0 0 0 1152839 113142577 0 0 0 7729846 0 0 0 120872423
60 59274488 11884063 15963675 2914282 0 0 676906 30158619 106702757 6414590 6034649 586723 0 0 0 1133314 113253886 0 0 0 7618147 0 0 0 120872033
61 59921587 11894512 16037290 2910243 0 0 677840 29430173 107143092 6189281 5889702 568687 0 0 0 1080883 113503975 0 0 0 7367670 0 0 0 120871645
62 59597310 11795661 15935526 2896409 0 0 670027 29976338 106816703 6333920 6021192 585335 0 0 0 1114121 113322626 0 0 0 7548645 0 0 0 120871271
63 58096010 11718281 15796771 2942590 0 0 663357 31653849 105859760 6734957 6426571 639266 0 0 0 1210304 112801518 0 0 0 8069340 0 0 0 120870858
64 58925112 11842934 16005334 2950208 0 0 678447 30468391 106497565 6488012 6128456 605215 0 0 0 1151178 113153543 0 0 0 7716883 0 0 0 120870426
65 58536938 11826319 15912466 2955499 0 0 674830 30963950 106215028 6603204 6252951 617014 0 0 0 1181805 113036446 0 0 0 7833556 0 0 0 120870002
66 58873022 11947853 16119450 2956538 0 0 688781 30283894 106669448 6430686 6042628 590427 0 0 0 1136349 113252339 0 0 0 7617199 0 0 0 120869538
67 58520840 11842894 15924109 2950095 0 0 670352 30960779 106280203 6562715 6241702 612934 0 0 0 1171515 113062934 0 0 0 7806135 0 0 0 120869069
68 58041734 11876362 16001351 3000334 0 0 677148 31271688 106140171 6622283 6303034 619038 0 0 0 1184091 112987758 0 0 0 7880859 0 0 0 120868617
69 57892275 11848585 15959801 3005944 0 0 674980 31486477 105988790 6665991 6381755 633139 0 0 0 1198387 112906071 0 0 0 7961991 0 0 0 120868062
70 59214408 11959698 16186368 2992135 0 0 691788 29823190 106887441 6308764 5976011 582807 0 0 0 1112564 113401537 0 0 0 7466050 0 0 0 120867587
71 58599023 11848230 15971766 2942474 0 0 677886 30827689 106287250 6570714 6223102 613324 0 0 0 1172678 113052565 0 0 0 7814503 0 0 0 120867068
72 57754733 11868782 15931827 2974364 0 0 674067 31662749 105888481 6757683 6367458 632527 0 0 0 1220373 112822057 0 0 0 8044465 0 0 0 120866522
73 59671072 11966653 16114866 2948328 0 0 679335 29485764 107101040 6199173 5913652 568990 0 0 0 1083163 113486224 0 0 0 7379794 0 0 0 120866018
74 58712012 11839361 15943493 2937259 0 0 668116 30765268 106372367 6516265 6212385 606722 0 0 0 1157770 113094657 0 0 0 7770852 0 0 0 120865509
75 58834321 11892196 16111754 2967406 0 0 684528 30374791 106610243 6394231 6125559 600307 0 0 0 1134656 113220748 0 0 0 7644248 0 0 0 120864996
76 59156668 11803101 15933596 2921564 0 0 667328 30382346 106499926 6474488 6136809 602803 0 0 0 1150577 113174739 0 0 0 7689864 0 0 0 120864603
77 60037870 11886540 16106824 2920766 0 0 683480 29228725 107173130 6173293 5867526 568743 0 0 0 1081513 113546284 0 0 0 7317921 0 0 0 120864205
78 57689616 11692702 15718280 3016045 0 0 652993 32094186 105569717 6868075 6530418 646807 0 0 0 1248805 112783266 0 0 0 8080556 0 0 0 120863822
79 57048792 11857281 15942720 3118147 0 0 670952 32225548 105597724 6826438 6552113 646798 0 0 0 1240367 112800116 0 0 0 8063324 0 0 0 120863440
80 57857883 11927938 16020094 3016821 0 0 670736 31369615 106057725 6652864 6333062 625586 0 0 0 1193850 112908622 0 0 0 7954465 0 0 0 120863087
81 57624830 11957232 16200641 3045691 0 0 689518 31344848 106094721 6619881 6333673 627058 0 0 0 1187427 112942606 0 0 0 7920154 0 0 0 120862760
82 58098838 11950090 16222989 3017507 0 0 692978 30880075 106304333 6563421 6206733 614225 0 0 0 1173765 113055820 0 0 0 7806657 0 0 0 120862477
83 58825507 11923705 16146540 2968618 0 0 684771 30313089 106574697 6440899 6100863 600509 0 0 0 1145262 113213068 0 0 0 7649162 0 0 0 120862230
84 57135635 11811067 15858993 2970018 0 0 662832 32423473 105402088 6975717 6556455 655750 0 0 0 1272008 112558564 0 0 0 8303454 0 0 0 120862018
85 57510108 11961380 16071630 3033479 0 0 676189 31609050 105951666 6701583 6372516 630139 0 0 0 1205932 112858019 0 0 0 8003817 0 0 0 120861836
86 58592658 11985441 16157941 3002326 0 0 677560 30445761 106580247 6425339 6118171 597697 0 0 0 1140233 113194930 0 0 0 7666757 0 0 0 120861687
87 57301761 11898231 16090513 3040637 0 0 677873 31852522 105784811 6749641 6462820 643796 0 0 0 1220469 112788743 0 0 0 8072794 0 0 0 120861537
88 57144919 11898437 16089387 3044807 0 0 680016 32003852 105660458 6841739 6470877 648603 0 0 0 1239741 112712044 0 0 0 8149374 0 0 0 120861418
89 56871467 11891271 15984882 3043882 0 0 672458 32397321 105423569 6934476 6576245 658879 0 0 0 1268112 112595239 0 0 0 8266042 0 0 0 120861281
90 56369982 11996719 16107758 3089560 0 0 681278 32615832 105369077 6981910 6576062 657740 0 0 0 1276340 112557022 0 0 0 8304107 0 0 0 120861129
91 57996265 12119065 16373727 3068175 0 0 696538 30607228 106542300 6447323 6127479 598190 0 0 0 1145706 113168014 0 0 0 7692984 0 0 0 120860998
92 58679528 12023378 16333440 2996932 0 0 689424 30138169 106767326 6349051 6038052 586937 0 0 0 1119505 113285429 0 0 0 7575442 0 0 0 120860871
93 58196429 11893159 16196666 2979019 0 0 684056 30911444 106305827 6533413 6237707 618185 0 0 0 1165641 113028486 0 0 0 7832287 0 0 0 120860773
94 59716472 11885898 16222243 2925055 0 0 680367 29430639 107036182 6246097 5904391 575868 0 0 0 1098136 113439880 0 0 0 7420794 0 0 0 120860674
95 58749881 11751209 15912414 2907048 0 0 657718 30882300 106181364 6612455 6263115 620051 0 0 0 1183585 113016883 0 0 0 7843687 0 0 0 120860570
96 58647040 11859296 16056324 2942021 0 0 669852 30685926 106371810 6545621 6166488 607476 0 0 0 1169064 113091195 0 0 0 7769264 0 0 0 120860459
97 58444516 11810828 15928774 2947214 0 0 654544 31074479 106156720 6606275 6297129 617089 0 0 0 1183142 112994968 0 0 0 7865387 0 0 0 120860355
98 57419026 11842783 16018283 3003200 0 0 663219 31913750 105734915 6792775 6466207 640656 0 0 0 1225708 112730659 0 0 0 8129602 0 0 0 120860261
99 57129367 11873330 16065459 3031318 0 0 668067 32092637 105621836 6817820 6526387 653527 0 0 0 1240608 112683238 0 0 0 8176940 0 0 0 120860178
100 57313683 11932073 16160948 3064196 0 0 678439 31710743 105810448 6766997 6420581 638026 0 0 0 1224030 112822676 0 0 0 8037406 0 0 0 120860082
101 58061765 11986524 16261255 3037866 0 0 687639 30824924 106313272 6548638 6212705 613978 0 0 0 1171380 113100215 0 0 0 7759758 0 0 0 120859973
102 56655621 11881712 16013370 3025782 0 0 667163 32616231 105322836 7005422 6587403 660581 0 0 0 1283637 112542252 0 0 0 8317627 0 0 0 120859879
103 57373216 12005696 16223472 3060603 0 0 680921 31515884 106007539 6676736 6348279 625011 0 0 0 1202227 112903639 0 0 0 7956153 0 0 0 120859792
104 58974940 12008866 16268225 2996173 0 0 675488 29936002 106854258 6305714 6008541 583309 0 0 0 1107872 113364788 0 0 0 7494906 0 0 0 120859694
105 58402043 11892900 16189285 2988692 0 0 675265 30711420 106400167 6479685 6214045 611959 0 0 0 1153749 113150410 0 0 0 7709195 0 0 0 120859605
106 57962368 11818374 16039980 2970843 0 0 662782 31405167 105944462 6718731 6352727 633194 0 0 0 1210400 112873314 0 0 0 7986200 0 0 0 120859514
107 58136314 11827335 15975490 2957140 0 0 659539 31303611 105978997 6701719 6341076 629788 0 0 0 1207849 112893052 0 0 0 7966377 0 0 0 120859429
108 58302350 11902050 16065689 2985008 0 0 664157 30940089 106223945 6600869 6239604 611306 0 0 0 1183619 113056749 0 0 0 7802594 0 0 0 120859343
109 59377193 11958120 16221677 2944795 0 0 672655 29684799 106980058 6246173 5957631 577528 0 0 0 1097849 113426366 0 0 0 7432873 0 0 0 120859239
110 55959660 11679480 15741836 2989514 0 0 638914 33849749 104624751 7272700 6909784 700595 0 0 0 1351323 112153347 0 0 0 8705806 0 0 0 120859153
111 84022584 12481103 18534102 2134107 0 0 824707 2862470 120835393 21600 2073 3 0 0 0 4 120858790 0 0 0 283 0 0 0 120859073
112 93613229 9413164 14780572 957336 0 0 573041 1521656 120836927 20146 1917 5 0 0 0 3 120858733 0 0 0 265 0 0 0 120858998
113 95989119 8295998 13872881 785145 0 0 532427 1383336 120835790 21440 1664 2 0 0 0 10 120858641 0 0 0 265 0 0 0 120858906
114 105145357 5428295 9383268 273957 0 0 261844 366096 120835283 22004 1522 2 0 0 0 6 120858544 0 0 0 273 0 0 0 120858817
115 106496735 4934596 8664383 230266 0 0 225429 307315 120835609 21558 1544 4 0 0 0 9 120858476 0 0 0 248 0 0 0 120858724
116 107562944 4522486 8107338 199951 0 0 198662 267251 120835761 21335 1525 6 0 0 0 5 120858352 0 0 0 280 0 0 0 120858632
117 108523233 4153874 7594820 174940 0 0 177374 234297 120836458 20686 1388 3 0 0 0 3 120858273 0 0 0 265 0 0 0 120858538
118 109610507 3673067 7118728 123290 0 0 158762 174094 120856308 809 1331 0 0 0 0 0 120858447 0 0 0 1 0 0 0 120858448
119 110492774 3354052 6625272 100988 0 0 141536 143733 120855894 987 1474 0 0 0 0 0 120858353 0 0 0 2 0 0 0 120858355
