0 96438642 16092276 19398852 3325927 0 0 570600 53958713 161456810 12662517 11856101 1240774 0 0 0 2568808 173694088 0 0 0 16090922 0 0 0 189785010
1 81964122 19640132 22324692 5387656 0 0 817497 59650813 159495123 13464375 12651954 1353793 0 0 0 2819667 172511071 0 0 0 17273841 0 0 0 189784912
2 78157990 21749005 23141079 6272894 0 0 878342 59585496 160099237 13272677 12356162 1310105 0 0 0 2746625 172780677 0 0 0 17004129 0 0 0 189784806
3 72476272 23052569 25211448 7297445 0 0 1087019 60659964 160481759 13108380 12211405 1284375 0 0 0 2698798 172997451 0 0 0 16787266 0 0 0 189784717
4 71349749 23421322 25261674 7491660 0 0 1118832 61141401 160237250 13301481 12210166 1294398 0 0 0 2741343 172894213 0 0 0 16890425 0 0 0 189784638
5 70875674 23405952 25276204 7516797 0 0 1130765 61579159 159956234 13347848 12387349 1321686 0 0 0 2771434 172835571 0 0 0 16948980 0 0 0 189784551
6 69697648 23602978 25038770 7630570 0 0 1123464 62691021 159320389 13667279 12595149 1351960 0 0 0 2849674 172389842 0 0 0 17394609 0 0 0 189784451
7 69619284 23855446 25360962 7798515 0 0 1157679 61992470 159986808 13320873 12397574 1325669 0 0 0 2753432 172769392 0 0 0 17014964 0 0 0 189784356
8 68147864 23962936 25183591 7900480 0 0 1156456 63432930 159167257 13750400 12650224 1359279 0 0 0 2857097 172178271 0 0 0 17605986 0 0 0 189784257
9 66132090 24015316 25295928 8138476 0 0 1187127 65015219 158397416 14060303 12960929 1402953 0 0 0 2962555 171791735 0 0 0 17992421 0 0 0 189784156
10 68192372 24540109 26291222 8317727 0 0 1257027 61185607 160794675 13081293 11978775 1264050 0 0 0 2665271 173268043 0 0 0 16516021 0 0 0 189784064
11 63025105 23920724 25485992 8438107 0 0 1226502 67687559 156763974 14799999 13531504 1503119 0 0 0 3185393 170935891 0 0 0 18848098 0 0 0 189783989
12 62498047 24352556 26543389 8948783 0 0 1329614 66111484 158181667 14195842 12980265 1423901 0 0 0 3002198 171730850 0 0 0 18053023 0 0 0 189783873
13 63562504 24751428 27127316 9094823 0 0 1366480 63881230 159647464 13540850 12464067 1340408 0 0 0 2790992 172590381 0 0 0 17193400 0 0 0 189783781
14 59410783 24242836 26655264 9237751 0 0 1370573 68866487 156816930 14776972 13531322 1491665 0 0 0 3166805 170841502 0 0 0 18942192 0 0 0 189783694
15 60402264 24782816 27632051 9580104 0 0 1449289 65937064 158872905 13893664 12738804 1377589 0 0 0 2900626 172005509 0 0 0 17778079 0 0 0 189783588
16 58908151 24554444 27222572 9541804 0 0 1424327 68132207 157342820 14601741 13262958 1462713 0 0 0 3113273 171230279 0 0 0 18553226 0 0 0 189783505
17 59365550 24962208 28063115 9881505 0 0 1502912 66008096 158880429 13935289 12679465 1381959 0 0 0 2906244 172142597 0 0 0 17640789 0 0 0 189783386
18 58553989 24672124 27591738 9718725 0 0 1468066 67778651 157664120 14440977 13161166 1452251 0 0 0 3064779 171393630 0 0 0 18389663 0 0 0 189783293
19 57699202 24666018 27745357 9877427 0 0 1493237 68301976 157586675 14400094 13277438 1456538 0 0 0 3062472 171340303 0 0 0 18442914 0 0 0 189783217
20 58275940 24913751 27850722 9946116 0 0 1494526 67302062 158257460 14165819 12970460 1410420 0 0 0 2978958 171657140 0 0 0 18125977 0 0 0 189783117
21 58079874 24901010 27954211 9965270 0 0 1505608 67377045 158230699 14160789 12996934 1413478 0 0 0 2981118 171715762 0 0 0 18067256 0 0 0 189783018
22 58118814 24800684 28101329 9920048 0 0 1516804 67325239 158205053 14191703 12979751 1407270 0 0 0 2999141 171720259 0 0 0 18062659 0 0 0 189782918
23 58944495 24959255 28410504 9951720 0 0 1534696 65982129 158974875 13864308 12671734 1377753 0 0 0 2894129 172158241 0 0 0 17624558 0 0 0 189782799
24 58841970 24809961 28290946 9859947 0 0 1525047 66454830 158621904 14024319 12801318 1395445 0 0 0 2939715 171959801 0 0 0 17822900 0 0 0 189782701
25 58220065 24722243 28175962 9894179 0 0 1518046 67252114 158239496 14122377 13020852 1421280 0 0 0 2978604 171718735 0 0 0 18063874 0 0 0 189782609
26 57618447 24680889 27966712 9917954 0 0 1506121 68092372 157800604 14326695 13178396 1440201 0 0 0 3036599 171411602 0 0 0 18370893 0 0 0 189782495
27 56987699 24787019 27902962 10062796 0 0 1505030 68536869 157581986 14445475 13239913 1449590 0 0 0 3065411 171258970 0 0 0 18523405 0 0 0 189782375
28 57547382 24883855 28260992 10091336 0 0 1529703 67468986 158225335 14200748 12951611 1408810 0 0 0 2995750 171691078 0 0 0 18091176 0 0 0 189782254
29 58278577 24981085 28565327 10071077 0 0 1546264 66339795 158854025 13924107 12708970 1384585 0 0 0 2910438 172072078 0 0 0 17710047 0 0 0 189782125
30 58197092 24792956 28384792 9943270 0 0 1537547 66926325 158464102 14078075 12880393 1403054 0 0 0 2956358 171851954 0 0 0 17930028 0 0 0 189781982
31 97783791 30171890 38754332 9362899 0 0 2166934 11542019 189677669 4055 99809 111 0 0 0 221 189780149 0 0 0 1716 0 0 0 189781865
32 116602231 25252187 34534877 5021604 0 0 1756077 6614739 189678080 3893 99409 98 0 0 0 235 189780154 0 0 0 1561 0 0 0 189781715
33 125529147 21587114 32358803 3660918 0 0 1615707 5029840 189681741 3859 95571 121 0 0 0 237 189779921 0 0 0 1608 0 0 0 189781529
34 139928215 17492030 26509626 2069670 0 0 1127207 2654582 189678352 3931 98716 99 0 0 0 232 189779717 0 0 0 1613 0 0 0 189781330
35 143683148 16151839 24925315 1752517 0 0 1005084 2263160 189680994 3674 96039 118 0 0 0 238 189779425 0 0 0 1638 0 0 0 189781063
36 146818111 15047212 23513225 1518721 0 0 911048 1972448 189681228 3583 95621 101 0 0 0 232 189779171 0 0 0 1594 0 0 0 189780765
37 149479725 14064519 22302898 1345081 0 0 835614 1752632 189678420 2824 98851 132 0 0 0 242 189778877 0 0 0 1592 0 0 0 189780469
38 152865051 12946200 20808495 1016498 0 0 751308 1392554 189773206 2736 3865 94 0 0 0 205 189778691 0 0 0 1415 0 0 0 189780106
39 155266430 12029691 19731955 867542 0 0 689585 1194524 189768980 4368 6049 122 0 0 0 208 189778383 0 0 0 1344 0 0 0 189779727
40 95441126 15855539 18423756 3222379 0 0 529983 56306530 160044514 13373591 12309706 1308216 0 0 0 2743286 173029740 0 0 0 16749573 0 0 0 189779313
41 81866972 19876104 21860399 5467321 0 0 815727 59892300 159287957 13698648 12588134 1359529 0 0 0 2844555 172600905 0 0 0 17177918 0 0 0 189778823
42 78445888 22072342 22644302 6333218 0 0 879713 59402822 160073838 13421940 12222964 1311040 0 0 0 2748503 172963795 0 0 0 16814490 0 0 0 189778285
43 70206658 23145899 24448954 7416925 0 0 1086102 63473220 158812893 13896093 12789715 1382157 0 0 0 2896900 172167753 0 0 0 17610005 0 0 0 189777758
44 67672818 23509884 24361434 7746022 0 0 1113880 65373153 157912117 14343757 13074827 1429409 0 0 0 3017081 171587607 0 0 0 18189584 0 0 0 189777191
45 67110045 23836999 24533006 7925451 0 0 1137877 65233206 158158727 14195143 13021690 1413230 0 0 0 2987794 171772385 0 0 0 18004199 0 0 0 189776584
46 65785461 23889401 24595010 8022417 0 0 1161577 66322104 157508870 14525680 13204910 1446974 0 0 0 3089536 171337567 0 0 0 18438403 0 0 0 189775970
47 64481612 23921584 24852741 8210780 0 0 1195893 67112675 157147830 14626110 13379276 1481744 0 0 0 3140325 171117103 0 0 0 18658182 0 0 0 189775285
48 63613242 24135878 25051732 8406641 0 0 1224373 67342747 157079704 14706725 13362077 1485274 0 0 0 3140833 171036821 0 0 0 18737792 0 0 0 189774613
49 62206782 24187689 25234874 8613333 0 0 1255720 68275504 156776016 14763125 13550281 1507255 0 0 0 3177225 170797363 0 0 0 18976539 0 0 0 189773902
50 61383335 24349577 25594180 8836523 0 0 1297592 68312086 156971809 14693012 13470453 1486265 0 0 0 3151754 170878942 0 0 0 18894351 0 0 0 189773293
51 59910930 24415022 25837576 9092155 0 0 1333450 69183560 156567654 14871927 13622931 1505987 0 0 0 3204194 170569164 0 0 0 19203529 0 0 0 189772693
52 59678588 24698321 26549357 9411524 0 0 1401655 68032621 157420151 14584677 13207731 1453971 0 0 0 3105536 171122286 0 0 0 18649780 0 0 0 189772066
53 58411124 24482604 26840516 9546349 0 0 1439701 69051202 156848746 14783096 13467731 1498033 0 0 0 3173890 170881370 0 0 0 18890126 0 0 0 189771496
54 57222844 24532434 27108730 9808118 0 0 1480073 69618763 156696481 14877409 13498231 1505979 0 0 0 3192862 170758562 0 0 0 19012400 0 0 0 189770962
55 56315219 24560100 27273945 9997290 0 0 1508847 70115052 156624611 14833005 13604597 1518107 0 0 0 3190133 170660858 0 0 0 19109595 0 0 0 189770453
56 57442788 25034956 28000301 10189069 0 0 1568471 67534370 158412371 14115945 12889466 1401863 0 0 0 2950310 171688521 0 0 0 18081434 0 0 0 189769955
57 55663693 24622546 27469780 10075244 0 0 1535195 70403056 156555360 14887458 13614209 1508301 0 0 0 3204186 170613715 0 0 0 19155799 0 0 0 189769514
58 54641093 24550250 27541774 10238979 0 0 1556953 71240020 156109719 15111321 13733850 1534235 0 0 0 3279944 170394560 0 0 0 19374509 0 0 0 189769069
59 55315916 24820970 27916807 10375348 0 0 1576680 69762930 157017429 14708010 13411086 1486862 0 0 0 3145264 171008258 0 0 0 18760393 0 0 0 189768651
60 54075804 24570439 27686367 10366459 0 0 1570944 71498256 155996336 15137240 13796269 1548162 0 0 0 3290262 170397953 0 0 0 19370316 0 0 0 189768269
61 55392726 25040324 28372305 10593936 0 0 1623158 68745402 157921990 14273325 13123467 1438826 0 0 0 3010243 171559218 0 0 0 18208633 0 0 0 189767851
62 54961220 24684851 27954329 10322935 0 0 1582721 70261350 156873634 14702887 13545959 1488795 0 0 0 3156131 170897935 0 0 0 18869471 0 0 0 189767406
63 54792716 24780198 28116837 10440881 0 0 1603241 70033092 157105855 14619117 13435235 1479330 0 0 0 3127428 171060294 0 0 0 18706671 0 0 0 189766965
64 54885499 24745253 28055416 10386671 0 0 1589706 70103922 156894154 14764113 13452293 1486677 0 0 0 3169230 170976107 0 0 0 18790360 0 0 0 189766467
65 54286498 24685785 28064285 10481126 0 0 1595546 70652718 156549800 14893171 13593585 1517055 0 0 0 3212347 170861695 0 0 0 18904263 0 0 0 189765958
66 55546863 24962692 28524970 10530761 0 0 1624381 68575757 157907191 14312179 13078965 1438540 0 0 0 3028549 171629001 0 0 0 18136423 0 0 0 189765424
67 55741503 24902376 28446806 10426741 0 0 1611907 68635522 157870253 14269215 13168741 1440508 0 0 0 3016138 171613983 0 0 0 18150872 0 0 0 189764855
68 55341207 24767508 28276932 10371864 0 0 1599649 69407068 157419675 14487243 13313755 1459263 0 0 0 3084292 171271141 0 0 0 18493087 0 0 0 189764228
69 55523605 24855036 28280729 10401331 0 0 1592452 69110476 157551722 14435820 13262513 1450109 0 0 0 3063465 171413580 0 0 0 18350049 0 0 0 189763629
70 55045812 24762667 28129425 10392914 0 0 1582995 69849207 157010512 14731135 13395743 1476713 0 0 0 3148917 171098919 0 0 0 18664101 0 0 0 189763020
71 56772180 25294146 28908596 10604482 0 0 1636276 66546629 159110949 13793074 12620203 1369896 0 0 0 2868187 172355073 0 0 0 17407236 0 0 0 189762309
72 58004380 25476251 28914791 10492069 0 0 1621201 65252944 159735004 13592294 12331555 1326512 0 0 0 2776271 172704802 0 0 0 17056834 0 0 0 189761636
73 56984160 25061753 28403562 10362723 0 0 1588305 67360448 158453377 14063781 12902833 1406490 0 0 0 2934470 171921632 0 0 0 17839319 0 0 0 189760951
74 58319443 25417205 28631889 10401802 0 0 1591246 65398753 159701807 13578780 12381581 1325044 0 0 0 2773126 172607507 0 0 0 17152831 0 0 0 189760338
75 57892601 25218332 28264090 10282306 0 0 1557560 66544841 158892895 13912287 12708580 1367302 0 0 0 2878666 172170273 0 0 0 17589457 0 0 0 189759730
76 58031239 25262981 28494479 10325137 0 0 1578976 66066350 159162918 13840595 12538910 1353427 0 0 0 2863312 172372107 0 0 0 17387055 0 0 0 189759162
77 58274211 25242329 28452477 10281389 0 0 1567522 65940709 159095240 13848037 12587842 1367553 0 0 0 2859965 172386696 0 0 0 17371941 0 0 0 189758637
78 53003131 23427301 27089917 9856169 0 0 1488979 74892600 153600644 15926149 14909506 1696553 0 0 0 3625245 169532054 0 0 0 20226043 0 0 0 189758097
79 51508923 23570391 27429073 10295892 0 0 1525454 75427874 153686788 15811491 14952766 1702434 0 0 0 3604128 169548438 0 0 0 20209169 0 0 0 189757607
80 53959513 25021441 28277486 10803773 0 0 1576657 70118323 157129105 14628766 13410915 1474645 0 0 0 3113762 171182284 0 0 0 18574909 0 0 0 189757193
81 54786824 25034600 28749243 10696929 0 0 1614473 68874745 157960555 14254766 13106200 1424916 0 0 0 3010377 171651191 0 0 0 18105623 0 0 0 189756814
82 55377173 25059352 28645535 10575867 0 0 1602826 68495698 157958299 14360985 12993996 1423804 0 0 0 3019367 171677534 0 0 0 18078917 0 0 0 189756451
83 55408659 24862987 28266721 10444521 0 0 1566067 69207200 157321181 14578773 13289784 1469594 0 0 0 3096823 171356226 0 0 0 18399929 0 0 0 189756155
84 55018340 24789062 28048480 10420931 0 0 1545114 69933930 156842413 14806473 13442706 1497523 0 0 0 3166742 171042700 0 0 0 18713157 0 0 0 189755857
85 55465085 24844914 28311899 10443161 0 0 1561621 69128910 157485681 14429753 13307119 1465233 0 0 0 3067804 171356311 0 0 0 18399279 0 0 0 189755590
86 54874836 24847044 27983461 10439590 0 0 1536763 70073697 156906754 14747370 13475274 1485897 0 0 0 3140096 170992581 0 0 0 18762810 0 0 0 189755391
87 55229197 24891756 28301667 10481394 0 0 1557907 69293284 157462116 14481474 13277813 1459454 0 0 0 3074348 171277033 0 0 0 18478172 0 0 0 189755205
88 55019151 24864345 28101972 10440250 0 0 1540691 69788646 156960407 14782652 13378876 1480060 0 0 0 3153060 171089608 0 0 0 18665447 0 0 0 189755055
89 54589193 24794870 28164201 10513849 0 0 1550391 70142434 156762938 14834081 13474758 1503881 0 0 0 3179280 170930440 0 0 0 18824498 0 0 0 189754938
90 55228795 24894618 28413569 10513300 0 0 1562896 69141617 157426855 14533593 13240825 1465381 0 0 0 3088141 171384821 0 0 0 18369974 0 0 0 189754795
91 54949915 24808018 28315242 10484287 0 0 1553757 69643447 157182226 14586461 13401862 1480112 0 0 0 3104005 171169123 0 0 0 18585543 0 0 0 189754666
92 55112199 24860445 28364126 10476574 0 0 1553625 69387576 157395454 14518134 13296255 1461012 0 0 0 3083690 171273833 0 0 0 18480712 0 0 0 189754545
93 55648043 24981078 28460742 10472162 0 0 1552377 68640023 157770309 14388830 13128549 1437064 0 0 0 3029673 171435827 0 0 0 18318598 0 0 0 189754425
94 55308569 24853656 28281236 10416977 0 0 1539112 69354761 157230467 14668806 13276916 1464285 0 0 0 3113837 171208086 0 0 0 18546225 0 0 0 189754311
95 53867673 24446898 27906409 10361344 0 0 1516675 71655220 155750350 15240181 13876596 1566940 0 0 0 3320152 170345889 0 0 0 19408330 0 0 0 189754219
96 54636461 24780858 28303935 10519507 0 0 1542249 69971111 156895860 14780554 13423443 1493218 0 0 0 3161046 170949747 0 0 0 18804374 0 0 0 189754121
97 53896572 24533837 28025859 10423530 0 0 1521193 71353011 156087564 15032190 13822187 1551700 0 0 0 3260361 170501518 0 0 0 19252484 0 0 0 189754002
98 53275863 24588501 27999908 10552611 0 0 1526676 71810343 155962993 15138146 13828215 1546629 0 0 0 3277919 170354337 0 0 0 19399565 0 0 0 189753902
99 53706899 24700813 28142130 10573932 0 0 1528939 71101090 156391275 14937763 13686015 1517323 0 0 0 3221427 170674948 0 0 0 19078855 0 0 0 189753803
100 53895425 24780851 28255948 10592905 0 0 1535058 70693516 156573367 14933627 13531159 1504213 0 0 0 3211337 170827861 0 0 0 18925842 0 0 0 189753703
101 55393309 25002812 28842644 10593008 0 0 1571445 68350409 157974242 14296742 13033576 1433187 0 0 0 3015880 171674027 0 0 0 18079600 0 0 0 189753627
102 56989315 25110997 29074160 10420924 0 0 1572958 66585180 158949094 13878606 12666210 1375540 0 0 0 2884084 172245894 0 0 0 17507640 0 0 0 189753534
103 54039899 24176237 27852449 10126745 0 0 1491921 72066164 155440421 15298504 14075497 1593090 0 0 0 3345903 170123185 0 0 0 19630230 0 0 0 189753415
104 54332829 24515184 28161446 10369230 0 0 1513665 70860978 156412043 14932578 13675183 1518784 0 0 0 3214744 170634310 0 0 0 19119022 0 0 0 189753332
105 55420190 24841288 28431084 10404914 0 0 1517284 69138466 157436742 14508653 13266045 1457576 0 0 0 3084210 171273590 0 0 0 18479636 0 0 0 189753226
106 54816631 24716309 28430043 10405611 0 0 1528052 69856493 156971980 14747104 13391907 1484797 0 0 0 3157351 171025915 0 0 0 18727224 0 0 0 189753139
107 55125976 24673803 28537938 10391641 0 0 1532780 69490909 157138627 14645082 13360770 1480701 0 0 0 3127867 171217903 0 0 0 18535144 0 0 0 189753047
108 54669398 24502367 28266695 10325149 0 0 1507110 70482212 156453148 14934645 13619381 1522889 0 0 0 3222868 170796801 0 0 0 18956130 0 0 0 189752931
109 54048874 24530241 28151570 10430062 0 0 1502725 71089384 156206723 15017817 13751047 1542403 0 0 0 3234866 170624492 0 0 0 19128364 0 0 0 189752856
110 54369111 24673332 28221620 10437834 0 0 1510312 70540555 156642905 14845121 13580919 1501876 0 0 0 3181943 170786271 0 0 0 18966493 0 0 0 189752764
111 93963844 31248732 39483870 10263528 0 0 2172060 12620629 189538897 208157 5597 7 0 0 0 5 189750287 0 0 0 2376 0 0 0 189752663
112 112441782 26643970 35524795 5790219 0 0 1790814 7560984 189529186 218074 5291 7 0 0 0 6 189750403 0 0 0 2161 0 0 0 189752564
113 121577359 23006182 33374149 4312719 0 0 1649409 5832651 189537025 210052 5374 7 0 0 0 11 189750314 0 0 0 2155 0 0 0 189752469
114 136274100 19028101 27413751 2618004 0 0 1151977 3266436 189533648 213638 5065 13 0 0 0 5 189750182 0 0 0 2187 0 0 0 189752369
115 140128943 17714850 25782650 2265017 0 0 1026718 2834104 189547238 200137 4899 5 0 0 0 3 189750143 0 0 0 2139 0 0 0 189752282
116 143300070 16643167 24348197 2009074 0 0 934866 2516829 189549891 197727 4576 6 0 0 0 3 189750178 0 0 0 2025 0 0 0 189752203
117 145986566 15683038 23125602 1816121 0 0 862148 2278639 189546451 202429 3222 4 0 0 0 8 189750003 0 0 0 2111 0 0 0 189752114
118 150060064 13870096 22096875 1258319 0 0 797203 1669451 189747203 1820 2985 0 0 0 0 0 189751999 0 0 0 9 0 0 0 189752008
119 152747380 12796857 21051743 1037880 0 0 731524 1386526 189742266 4400 5244 0 0 0 0 0 189751898 0 0 0 12 0 0 0 189751910
